[descriptive data]
title	Noct Nikkor
[constants]
[variable distances]
Focal Length	58.00
Angle of View	40.9
F-Number	1.29
Image Height	43.28
Total Length	95.287
Bf	37.78
[lens data]
1	74.2272	7.175639	1.8485	50.45	43.8	J-LASFH22
2	0	0.393186		50.44			
3	33.25766	9.6305	1.69	44.67	54.7	LAC9
4	60.92781	1.671039		44.67		
5	137.839	3.538761	1.7783	44	23.9	S-NPH7
6	25.38526	7.568825		32.47
7	AS	7.863714		29.98
8	-23.9188	1.867632	1.58148	32.47	40.9	LF5HT
9	293.9713	7.863714	1.6934	39.97	53.3	Q-LAK53S
10	-39.4556	0.491482		39.98		
11	-274.4783	5.701193	1.6516	39.19	58.4	LAC7
12	-53.08654	0.000		39.19
13	124.1071	4.12845	1.6217	37.25	58.54	J-SK4
14	-96.87727	37.780		37.25
[aspherical data]
1	74.2272	-1.602726004286598E-004	0	0	0	0
[figure]
[notes]
