[descriptive data]
title	Noct Nikkor
[constants]
[variable distances]
Focal Length	58.00
Angle of View	40.5
F-Number	1.29
Image Height	43.28
Total Length	90.99
Bf	37.78
[lens data]
1	66.5	6.7	1.713	46.3	53.87	S-LAL8
2	0	0.247		46.227			
3	31.2898	9.051	1.6968	41.39662	55.53	S-LAL14
4	65.439	1.351		33.81696		
5	119.835	2.9	1.78472	33.81696	25.68	S-TIH11
6	23.5	7.3		2.95E+01		
7	AS	7.35		28.2		
8	-21.844	1.620	1.6398	29.15255	34.46	S-TIM27
9	274.513	7.445	1.7495	36.399041	35.33	S-NBH51
10	-35.751	0.181		36.982092
11	-407.708	5.515	1.8061	35.81599	40.92	S-LAH53
12	-50.204	0.200		36.232455		
13	188.646	3.35	1.56883	34.899767	56.36	S-BAL14
14	-93.913	37.780		34.899767
[aspherical data]
1	66.5	0	0	0	0	0
[figure]
[notes]
