[descriptive data]
title	Noct Nikkor
[constants]
[variable distances]
Focal Length	58.00
Angle of View	40.9
F-Number	1.2
Image Height	43.28
Total Length	95.674
Bf	37.5
[lens data]
1	80.344	7.042	1.8485	50.4875	43.79	J-LASFH22
2	0	0.189		50.4875			
3	33.61	9.715	1.719995	44.832	50.2	LAL10
4	69.686	1.476		44.832		
5	129.434	3.02	1.6843	42.169	26.81	FD270	
6	22.55	8.47		32.12841
7	AS	7.9		31.227
8	-23.365	1.71	1.74077	31.445	27.76	E-FD13
9	311.537	8.141	1.804	40.2	46.6	J-LAS015
10	-38.532	0.074		40.2		
11	-483.703	6.009	1.83481	39.5	42.73	J-LASF05	
12	-55.749	0.1		39.5
13	200.86	3.894	1.78595	38.275	45.60665
14	-106.579	37.78		38.275
[aspherical data]
1	80.344	0	0	0	0	0
[figure]
[notes]
