[descriptive data]
title	JP 2019-219472 Example 6 (Sigma 28mm F1.4 DG HSM A)
[constants]
[variable distances]
Focal Length	28.70	undefined
Angle of View	74.78	74.36
F-Number	1.46	1.48
Image Height	43.26	43.26
Total Length	152.51	152.51
Magnification	0	-0.025
S	Infinity	1275
d0	Infinity	1122.6885
d14	7.0149	6.2814
d30	36.5101	37.2436
Bf	0	0
[lens data]
1	47.3207	1.9000	1.76385	57.98	48.49
2	25.1370	8.4554		43.64
3	46.9543	2.4000	1.59201	47.48	67.02
4	23.2091	8.1561		47.48	
5	618.4976	3.2330	1.95375	41.94	32.32
6	-139.9990	4.0127		41.94
7	-40.5659	1.7000	1.43700	40.81	95.10
8	94.3906	6.6136	1.91082	43.52	35.25
9	-70.5544	2.4296		43.52	
10	-46.9968	1.5000	1.73800	40.50	32.33
11	32.1175	8.6744	1.59282	41.74	68.63
12	-544.2563	0.2500		41.74	
13	60.1374	7.5297	1.80420	44.06	46.50
14	-94.6982	d14		44.06	
15	69.9167	4.3560	1.76385	42.00	48.49
16	-904.2656	0.1500		42.00	
17	112.6199	3.6175	1.76802	40.50	49.24
18	-158.1655	0.1500		40.50	
19	385.7929	4.1192	1.92286	37.92	20.88
20	-67.3866	1.1000	1.73800	37.92	32.33
21	30.2728	5.6940		31.08	
22	AS	5.1548		28.200
23	-40.6450	7.8692	1.49700	28.90	81.61
24	-17.6592	1.0000	1.72047	31.94	34.71
25	89.6119	4.1610	1.49700	33.96	81.61
26	-102.4644	0.1500		33.96	
27	67.2593	8.6087	1.59282	35.12	68.63
28	-32.5264	0.1500		35.12	
29	-74.3568	3.4000	1.76802	31.78	49.24
30	-43.9446	d30		35.56	
31	CG	1.4500	1.52301	47.18	58.59
32	CG	1.0000		47.18	
[aspherical data]
3	46.9543	0	-5.1231E-06	1.0612E-08	-9.9412E-12		
4	23.2091	-1	-4.8891E-06	3.7734E-09	9.3013E-12	-5.7662E-14	3.3125E-17
17	112.6199	0	-2.6581E-06	-1.9882E-09	-1.8211E-11	5.9593E-14	
18	-158.1655	0	1.0964E-06	-4.7729E-09	-3.7791E-12	4.3214E-14	
29	-74.3568	0	-7.2907E-06	-9.4121E-09	8.7358E-11	-1.2811E-13	
30	-43.9446	0	-3.3343E-07	-6.1575E-09	7.6511E-11	-9.5067E-14	
[figure]
source	Data/JP2019-219472_Figure26P.png
originX	24.48
originY	116.55
ppmm	3.427
[notes]
Bill: Magnification is =1/40.
