[descriptive data]							
title	US2019/0265441 Example 2 (Canon RF 50mm F1.2 L USM)
[constants]					
[variable distances]
Focal Length	51.10	undefined
Angle of View	45.9	undefined				
F-Number	1.25	undefined				
Image Height	43.28	43.28					
Total Length	111.01	undefined					
Magnification	0	-0.19					
S	Infinity	400
d0	Infinity	274.83
d19	1.95	16.11					
Bf	14.60	14.60
[lens data]
1	80.11	9.67	1.804	41	46.58	S-LAH65V
2	-68.243	1.64	1.68893	41	31.07	S-TIM28
3	52.862	0.2		38.29
4	42.184	7.47	2.001	38.4	29.13	S-LAH99
5	2510.58	0.7		38.4
6	99.979	1.6	1.65412	35.2	39.68	S-NBH 5
7	24.508	7.45		31.52
8	-101.919	1.34	1.66565	31.51	35.64
9	34.799	5.56	1.95375	31.51	32.32	S-LAH98
10	516.053	2.44		31.51
11	AS	2.58		30.871
12	-1398.232	10.02	1.497	31.9	81.54	S-FPL51
13	-20.985	1.29	1.738	31.9	32.26	S-NBH53V
14	251.143	0.44		31.9
15	87.566	7.29	1.76385	32.9	48.51	S-LAH96
16	-43.447	1.28	1.66565	32.9	35.64
17	105.692	1.79		32.9
18	161.695	7.96	1.883	33.5	40.8	S-LAH58
19	-42.423	d19		33.5
20	54.474	8.77	1.883	36.7	40.8	S-LAH58
21	-60.531	1.54	1.59551	36.7	39.24	S-TIM 8
22	40.56	7.14		36.1
23	-58.17	1.21	1.673	36.1	38.15	S-NBH52V
24	105.985	5.08	1.804	36.1	46.58	S-LAH65V
25	-216.191	Bf		36.1
[aspherical data]
1	80.11	0	-1.44652e-6	-1.02693e-9	1.91678e-12	-3.07794e-15	2.00476e-18
18	161.695	0	-2.17027e-6	4.00496e-9	-1.90948e-11	4.86536e-14	-4.89586e-17		
25	-216.191	0	3.50064e-6	-5.98670e-10	1.34319e-11	-2.56798e-14	2.59930e-17
[figure]	
source	Data/US20190265441_Figure03P.png
originX	45
originY	115
ppmm	2.436
[notes]
