[descriptive data]
title	WO2024-147268 Example 1 (Nikon Nikkor Z 135mm F1.8 S Plena)
[constants]
[variable distances]
Focal Length	132.30	undefined
Angle of View	18.36	undefined
F-Number	1.85	undefined
Total Length	147.45	147.45
Image Height	43.40	43.40
Magnification	0	-0.20001
d0	Infinity	677.10
d12	1.749	15.346
d14	22.105	8.507
d23	9.528	3.345
d25	3.500	9.684
Bf	0	0
Bf(p)	13.89	
ff	113.43	
fr	-227.10	
[lens data]
1	73.0739	8.2580	1.66382	73.87	27.35	J-SFH4
2	173.9425	1.0000		73.87
3	75.0000	8.0959	1.49782	70.95	82.57	J-FKH1
4	226.5221	1.0000		70.95
5	94.0000	6.1837	1.49782	65.90	82.57	J-FKH1
6	255.7300	1.0000		65.90
7	55.0000	10.2480	1.49782	58.51	82.57	J-FKH1
8	-766.4853	2.1000	1.85451	58.51	25.15	NBFD25
9	50.0250	8.2444		45.64
10	AS	2.1000		42.915
11	105.9598	4.7000	1.51680	42.96	64.14	J-BK7A
12	853.5480	d12		42.96
13	221.6993	2.1000	1.69680	41.84	55.52	J-LAK14
14	39.4223	d14		37.60
15	-164.4380	4.0545	1.80809	41.92	22.74	J-SFH1
16	-75.4132	0.1000		41.92	
17	-160.7346	2.1000	1.85451	42.37	25.15	NBFD25
18	80.4120	3.2958	1.59319	43.81	67.90	J-PSKH1
19	157.8647	0.7213		43.81
20	64.0655	9.2661	1.80440	45.94	39.61	J-LASF013
21	-101.7863	0.1000		45.94
22	195.9905	2.2000	1.83481	44.85	42.73	J-LASF05
23	83.1844	d23		44.85
24	85.1050	4.4549	1.85883	43.91	30.00	NBFD30
25	380.6074	d25		43.91
26	-542.5119	2.1000	1.78590	41.94	44.17	J-LASF01
27	62.2755	1.0000		41.94
28	51.4253	5.3074	1.84666	41.97	23.78	J-SF03
29	162.7875	4.3017		40.67
30	-70.4474	2.1000	1.81600	40.67	46.59	J-LASF09A
31	-2372.9554	11.4681		40.96
32	CG	1.6000	1.51680	46.18	64.14	J-BK7A
33	CG	1.3712		46.18	
[aspherical data]
11	105.9598	0	-1.741E-06	-1.130E-10	-2.868E-14	9.211E-17
[figure]
source	Data/WO2024-147268_Figure01P.png
originX	102.01
originY	308.04
ppmm	6.266
[notes]
Bill: d0 and Magnification measured.
