[descriptive data]
title	WO 2019/220618 Example 9 (Nikon Nikkor Z 50mm f/1.8 S)
[constants]
[variable distances]
Focal Length	51.6	undefined
Angle of View	45.88	undefined
F-Number	1.85	undefined
NA	undefined	0.24
HO	Infinity	140.03
Image Height	43.4	43.4
Total Length	92.33	92.33
Magnification	0	-0.1565
d0	Infinity	307.670
d12	10.320	2.409
d19	6.356	14.267
d26	1.000	1.000
Bf	13.100	13.100
Aperture Diameter	22.698	22.698
[lens data]
1	-48.06457	2.000	1.67270	35.60	32.2
2	50.03333	2.861	1.94595	34.12	18.0
3	105.00000	2.805		34.12	
4	-226.31231	6.827	1.72916	34.12	54.6
5	-47.98013	0.644		34.12	
6	36.64910	0.100	1.56093	34.28	36.6
7	36.85687	5.622	1.80400	34.46	46.6
8	217.92780	0.200		34.46	
9	28.49361	7.332	1.59319	32.98	67.9
10	-161.37986	1.500	1.64769	28.88	33.7
11	20.99038	5.164		24.62	
12	AS	d12		22.698
13	FS	2.700		21.84	
14	-23.41799	1.100	1.64769	21.44	33.7
15	998.77224	0.200		24.28	
16	85.12299	5.000	1.77377	27.74	47.2
17	-35.29338	2.485		27.74	
18	-73.80381	6.400	1.49782	32.32	82.6
19	-23.23519	d19		32.32	
20	-177.75440	2.927	1.94595	35.28	18.0
21	-63.69645	1.900	1.64769	35.28	33.7
22	-482.01125	2.887		35.28	
23	-50.20764	1.900	1.64769	35.44	33.7
24	Infinity	10.500		37.24	
25	CG	1.600	1.51680	44.62	64.1
26	CG	d26		44.62	
[aspherical data]
6	36.64910	0	-4.74106E-07	-3.40824E-10	2.15394E-12	-1.54492E-15
16	85.12299	0	-1.95205E-07	1.94342E-08	-8.61846E-11	-2.07763E-13
17	-35.29338	0	1.47643E-05	2.08671E-08	8.44852E-11	-6.93210E-13
[figure]
source	Data/WO2019-220618_Figure01P1.png
originX	137
originY	448
ppmm	11.400
[notes]
