[descriptive data]
title	JP2023-090337 Example 3 (Cosina Voigtlander Nokton 35mm F1.2 Aspherical)
[constants]
[variable distances]
Focal Length	34.3
Angle of View	64.8
F-Number	1.21
Image Height	43.2
Total Length	undefined
Magnification	0
d0	Infinity
Bf	19.3
[lens data]
1	-73.298	1.40	1.67270	33.0	32.19
2	59.602	1.67		33.0
3	53.473	3.44	1.80835	31.0	40.55	
4	300.0	0.30		31.0	
5	35.831	6.57	1.883	34.0	40.81
6	-124.204	0.15		34.0	
7	65.311	1.30	1.55298	34.0	55.07	
8	19.769	6.82		30.06	
9	AS	5.18		25.0
10	-30.795	1.20	1.74077	29.2	27.74	
11	35.973	8.65	1.883	29.2	40.81
12	-34.717	0.70		29.2	
13	25.787	7.98	1.883	27.0	40.81	
14	-41.123	1.72	1.69895	27.0	30.13
15	24.361	2.83		27.0	
16	390.478	2.60	1.80835	26.0	40.55
17	1000.0	19.3		26.0	
[aspherical data]
3	-53.602	0	-7.3569E-06	-4.7521E-08	4.618E-10	-2.0004E-12	6.1215E-15	-6.354E-18
4	300.0	0	3.8085E-07	-4.8035E-08	5.6919E-10	-2.7176E-12	8.1885E-15	-7.9627E-18
16	390.478	0	2.5689E-05	-3.8791E-08	1.8226E-09	-1.6532E-11	5.9212E-14	-8.8416E-17
17	1000.0	0	5.5238E-05	-2.2665E-07	5.2647E-09	-3.9864E-11	1.4805E-13	-2.29E-16
[figure]
[notes]
