[descriptive data]
title	Noct Nikkor
[constants]
[variable distances]
Focal Length	58.00
Angle of View	40.9
F-Number	1.2
Image Height	43.28
Total Length	95.674
Bf	37.78
[lens data]
1	79.9975	6.885	1.8485	49.93	43.8	J-LASFH22
2	0	0.1		49.93			
3	33.737	9.75	1.69	44.528	54.7	LAC9
4	70.18675	1.56		44.528		
5	134.505	2.87	1.7783	42.169	23.9	S-NPH7
6	22.3687	8.44		32.54
7	AS	7.95		29.98
8	-23.02418	1.64	1.58148	31.45	40.9	LF5HT
9	306.553	8.196	1.6934	40.2	53.3	Q-LAK53S
10	-37.555	0.15		40.2		
11	-396.94	6.147	1.6516	39.13	58.4	LAC7
12	-52.56789	0.000		39.13
13	223.8426	4.016	1.6217	36.86	58.54	J-SK4
14	-94.08052	37.780		36.86
[aspherical data]
1	74.2272	-1.602726004286598E-004	0	0	0	0
[figure]
[notes]
