[descriptive data]
title	US 2011/0115963 Example 1
[constants]
[variable distances]
Focal Length	49.98	undefined
Angle of View	47.46	undefined
F-Number	1.442	undefined
Image Height	43.26	43.26
Magnification	0	-0.19724
d0	Infinity	248.56
d4	11.243	1.218
d16	32.600	42.625
Bf	0	0
[lens data]
1	-94.569	2.000	1.64769	55.12	33.84
2	50.393	7.692		49.12	
3	63.750	10.162	1.80420	53.48	46.50
4	-100.274	d4		53.48	
5	49.146	4.224	1.90366	43.66	31.32
6	108.076	0.200		39.28	
7	32.136	4.834	1.77250	39.82	49.62
8	55.051	3.030		36.00	
9	76.559	1.900	1.67270	35.56	32.17
10	21.711	7.500		28.68	
11	AS	5.860		26.446
12	-23.151	1.800	1.72825	26.94	28.32
13	46.466	8.000	1.72916	32.40	54.67
14	-37.270	1.007		32.40	
15	177.747	5.000	1.80610	33.02	40.88
16	-45.545	d16		33.02	
17	CG	2.000	1.51680	46.32	64.20
18	CG	3.000		46.32	
[aspherical data]
16	-45.545	0	2.62946E-06	-3.74929E-09	1.64030E-11	-2.65065E-14
[figure]
source	Data/US20110115963_Figure01.png
originX	80.76
originY	650.87
ppmm	11.390
[notes]
Bill: Measured Magnification and d0.
