[descriptive data]
title	US 2011/0115963 Example 2
[constants]
[variable distances]
Focal Length	51.54	undefined
Angle of View	46.34	undefined
F-Number	1.443	undefined
Image Height	43.26	43.26
Magnification	0	-0.18794
d0	Infinity	267.82
d4	10.905	1.000
d19	32.600	42.505
Bf	0	0
[lens data]
1	-92.300	2.000	1.69895	51.90	30.05
2	53.615	7.630		47.98	
3	70.647	8.921	1.83481	50.00	42.72
4	-89.098	d4		50.00	
5	44.445	5.043	1.90366	46.70	31.32
6	113.586	0.200		42.50	
7	29.801	4.099	1.90366	40.20	31.32
8	37.681	2.064		36.52	
9	54.331	1.900	1.69895	36.46	30.05
10	21.620	7.444		29.70	
11	AS	6.369		27.729
12	-27.739	1.800	1.84666	28.74	23.78
13	75.595	8.706	1.61800	33.34	63.40
14	-35.249	0.200		33.34	
15	-176.945	2.000	1.84666	33.02	23.78
16	66.570	6.000	1.90366	35.98	31.32
17	-62.619	0.200		35.98	
18	154.780	4.404	1.90366	38.52	31.32
19	-145.378	d19		38.52	
20	CG	2.000	1.51680	47.90	64.20
21	CG	3.000		47.90	
[figure]
source	Data/US20110115963_Figure04.png
originX	69.98
originY	669.57
ppmm	10.823
[notes]
Bill: Measured Magnification and d0.
