[descriptive data]
title	US 2011/0115963 Example 3
[constants]
[variable distances]
Focal Length	51.53	undefined
Angle of View	46.4	undefined
F-Number	1.443	undefined
Image Height	43.26	43.26
Magnification	0	-0.18742
d0	Infinity	267.70
d4	10.855	1.000
d19	32.600	42.455
Bf	0	0
[lens data]
1	-92.182	2.000	1.69895	51.96	30.05
2	53.861	7.500		48.18	
3	70.104	8.902	1.83481	50.28	42.72
4	-90.662	d4		50.28	
5	42.149	5.189	1.90366	46.90	31.32
6	104.829	0.200		43.66	
7	28.679	4.000	1.90366	40.52	31.32
8	34.730	1.717		36.66	
9	47.625	1.900	1.69895	36.82	30.05
10	20.508	7.736		29.94	
11	AS	6.364		27.488
12	-27.699	1.800	1.75211	28.32	25.05
13	84.671	10.000	1.61800	33.36	63.40
14	-21.121	2.000	1.84666	33.56	23.78
15	-33.695	0.200		33.56	
16	-192.166	5.536	1.90366	36.84	31.32
17	-57.259	0.200		36.84	
18	141.342	3.783	1.90366	39.60	31.32
19	-247.927	d19		39.60	
20	CG	2.000	1.51680	47.98	64.20
21	CG	3.000		47.98	
[figure]
source	Data/US20110115963_Figure07.png
originX	69.92
originY	649.95
ppmm	10.497
[notes]
Bill: Measured Magnification and d0.
