[descriptive data]
title	US 2011/0115963 Example 4
[constants]
[variable distances]
Focal Length	51.55	undefined
Angle of View	46.04	undefined
F-Number	1.233	undefined
Image Height	43.26	43.26
Magnification	0	-0.20197
d0	Infinity	240.98
d4	11.684	1.000
d16	32.600	43.284
Bf	0	0
[lens data]
1	-168.156	2.000	1.64769	60.70	33.84
2	55.457	11.323		53.50	
3	70.194	9.854	1.83481	57.48	42.72
4	-155.942	d4		57.48	
5	54.017	5.077	1.80420	52.62	46.50
6	123.828	0.200		46.98	
7	36.017	5.245	1.83481	46.58	42.72
8	56.786	3.970		42.82	
9	90.783	1.900	1.67270	42.30	32.17
10	24.235	8.108		34.78	
11	AS	6.917		31.475
12	-26.060	1.800	1.74077	34.20	27.76
13	37.821	11.282	1.80420	39.78	46.50
14	-44.517	0.200		39.78	
15	112.316	6.000	1.80610	39.34	40.73
16	-60.026	d16		39.34	
17	CG	2.000	1.51680	46.60	64.20
18	CG	3.000		46.60	
[aspherical data]
16	-60.026	0	2.45088E-06	-6.92726E-10	2.02333E-12	-1.22132E-15
[figure]
source	Data/US20110115963_Figure10.png
originX	69.00
originY	641.83
ppmm	9.737
[notes]
Bill: Measured Magnification and d0.
