
    // Baseline
    private static List<SurfaceType> getSurfaces() {
        List<SurfaceType> list = new ArrayList<>();
        list.add(new SurfaceType(false, 61.735, 8.071, 1.6779, 54.57, 55.2,	"N-LAK12"));
        list.add(new SurfaceType(false, 1737.298,	0.1,	0,	54.57, 0, null));
        list.add(new SurfaceType(false, 29.78276,	8.0,	1.883,	46.571,	40.8,	"S-LAH58"));
        list.add(new SurfaceType(false, 68.0106, 1.7857, 0,44.644, 0, null));
        list.add(new SurfaceType(false, 120.3241,	4.0714,	1.7847,	45.214,	26.08,	"SF56A"));
        list.add(new SurfaceType(false, 19.322, 9.35, 0,31.6,0,null));
        list.add(new SurfaceType(true, 0, 7.1,	0,	30.6,0,null	));
        list.add(new SurfaceType(false, -23.596,	1.357,	1.72825,	31.0,	28.41,	"SF10"));
        list.add(new SurfaceType(false, 92.80589,	8.7143,	1.883,	37.643,	40.8,	"S-LAH58"));
        list.add(new SurfaceType(false, -31.71798,	0.1,		0, 37.714, 0, null));
        list.add(new SurfaceType(false, 91.644,	4.0,	1.788,	35.286,	47.49,	"N-LAF21"));
        list.add(new SurfaceType(false, 554.8661,	0.1, 0,		35.286, 0, null	));
        list.add(new SurfaceType(false, 82.33929,	4,	1.788,	33.429,	47.49,	"N-LAF21"));
        list.add(new SurfaceType(false, -195.9143,	27.365, 0,		33.429, 0, null));
        return list;
    }

242.25325916035965	281.3698476158148	52.23512833258424	27.821457451221722	1.0000000000000002	42.88249545068117	62.35235	1754.67098	29.484932399999998	67.330494	121.527341	19.12878	0.0	-23.596	92.80589	-31.71798	91.644	554.8661	82.33929	-195.9143
291.9794996247057	295.7479720088829	52.36510481710359	27.85562756099698	0.9999999999999998	42.88249545068117	62.35235	1754.67098	29.484932399999998	67.330494	121.527341	19.12878	0.0	-23.83196	93.7339489	-32.0351598	91.644	554.8661	82.33929	-195.9143
284.5040712987421	290.86913221599633	52.32811094718172	27.840601158872904	1.0000000000000004	42.88249545068117	62.35235	1754.67098	29.484932399999998	67.330494	121.527341	19.12878	0.0	-23.83196	93.7339489	-32.0351598	92.56044	560.414761	81.5158971	-195.9143
302.98697277136927	302.55124431549734	52.386191955265744	27.87150252625849	1.0000000000000002	42.88249545068117	62.35235	1754.67098	29.484932399999998	67.330494	121.527341	19.12878	0.0	-23.83196	93.7339489	-32.0351598	92.56044	560.414761	81.5158971	-197.873443
265.6294645345757	278.9607585539565	52.26898915424809	27.809146053250533	1.0000000000000004	42.88249545068117	62.35235	1754.67098	29.484932399999998	67.330494	121.527341	19.12878	0.0	-23.83196	93.7339489	-32.0351598	92.56044	560.414761	81.5158971	-193.95515699999999
297.2201201647218	299.5109581038051	52.37211317289249	27.865996072540995	1.0000000000000002	42.88249545068117	62.35235	1754.67098	29.484932399999998	67.330494	121.527341	19.12878	0.0	-23.83196	93.7339489	-32.0351598	92.56044	549.3174389999999	81.5158971	-195.9143
278.3364674648591	287.5888313120575	52.312887752501744	27.834483589427034	1.0000000000000002	42.88249545068117	62.35235	1754.67098	29.484932399999998	67.330494	121.527341	19.12878	0.0	-23.83196	93.7339489	-32.0351598	92.56044	549.3174389999999	81.5158971	-193.95515699999999
252.08169392730895	266.55323109098583	52.228238492184936	27.77051669681649	1.0	42.88249545068117	62.35235	1754.67098	29.484932399999998	67.330494	121.527341	19.12878	0.0	-23.83196	93.7339489	-32.0351598	90.72756000000001	554.8661	82.33929	-195.9143
245.8134691254861	262.2936918381868	52.2065762042794	27.758019947563874	1.0	42.88249545068117	62.35235	1754.67098	29.484932399999998	67.330494	121.527341	19.12878	0.0	-23.83196	93.7339489	-32.0351598	90.72756000000001	560.414761	82.33929	-195.9143
285.2737840453608	290.8707439084892	52.35280461444623	27.842092006446045	1.0000000000000002	42.88249545068117	62.35235	1754.67098	29.484932399999998	67.330494	121.527341	19.12878	0.0	-23.83196	93.7339489	-32.0351598	90.72756000000001	560.414761	83.16268290000001	-195.9143
266.4151634207999	278.96942185366566	52.2936517580508	27.810633533832505	1.0	42.88249545068117	62.35235	1754.67098	29.484932399999998	67.330494	121.527341	19.12878	0.0	-23.83196	93.7339489	-32.0351598	90.72756000000001	560.414761	83.16268290000001	-193.95515699999999
205.86344450752964	233.30165386148875	52.05823308441169	27.672732064764247	1.0000000000000004	42.88249545068117	62.35235	1754.67098	29.484932399999998	67.330494	121.527341	19.12878	0.0	-23.83196	93.7339489	-32.0351598	90.72756000000001	560.414761	81.5158971	-195.9143
224.1959986799169	244.870195329728	52.11566575816688	27.703261702410867	1.0000000000000002	42.88249545068117	62.35235	1754.67098	29.484932399999998	67.330494	121.527341	19.12878	0.0	-23.83196	93.7339489	-32.0351598	90.72756000000001	560.414761	81.5158971	-197.873443
258.48079470767277	270.90213720491226	52.25035693517814	27.783276597208815	0.9999999999999998	42.88249545068117	62.35235	1754.67098	29.484932399999998	67.330494	121.527341	19.12878	0.0	-23.83196	93.7339489	-32.0351598	90.72756000000001	549.3174389999999	82.33929	-195.9143
297.9973603007029	299.5200675950451	52.396831466271465	27.86749039971271	0.9999999999999998	42.88249545068117	62.35235	1754.67098	29.484932399999998	67.330494	121.527341	19.12878	0.0	-23.83196	93.7339489	-32.0351598	90.72756000000001	549.3174389999999	83.16268290000001	-195.9143
279.12989606250636	287.60514221083173	52.337574919105634	27.83597453867583	1.0000000000000002	42.88249545068117	62.35235	1754.67098	29.484932399999998	67.330494	121.527341	19.12878	0.0	-23.83196	93.7339489	-32.0351598	90.72756000000001	549.3174389999999	83.16268290000001	-193.95515699999999
218.4234348799237	241.85051125032425	52.10176484055308	27.69784532655042	0.9999999999999998	42.88249545068117	62.35235	1754.67098	29.484932399999998	67.330494	121.527341	19.12878	0.0	-23.83196	93.7339489	-32.0351598	90.72756000000001	549.3174389999999	81.5158971	-195.9143
236.7954824640246	253.44361738258524	52.15929776211164	27.72843043182258	1.0000000000000002	42.88249545068117	62.35235	1754.67098	29.484932399999998	67.330494	121.527341	19.12878	0.0	-23.83196	93.7339489	-32.0351598	90.72756000000001	549.3174389999999	81.5158971	-197.873443
199.70286165151637	230.04953818986598	52.043200283012126	27.66671179275648	1.0000000000000002	42.88249545068117	62.35235	1754.67098	29.484932399999998	67.330494	121.527341	19.12878	0.0	-23.83196	93.7339489	-32.0351598	90.72756000000001	549.3174389999999	81.5158971	-193.95515699999999
270.4640282059885	283.163355674823	52.32731388701257	27.82737378626655	1.0000000000000007	42.88249545068117	62.35235	1754.67098	29.484932399999998	67.330494	121.527341	19.12878	0.0	-23.83196	91.87783110000001	-32.0351598	91.644	554.8661	82.33929	-195.9143
262.99146259254695	278.2956030470295	52.29039078011208	27.812387266608283	1.0000000000000004	42.88249545068117	62.35235	1754.67098	29.484932399999998	67.330494	121.527341	19.12878	0.0	-23.83196	91.87783110000001	-32.0351598	92.56044	560.414761	81.5158971	-195.9143
281.4761602705722	289.9554843375854	52.34837103855753	27.84322599964595	1.0000000000000004	42.88249545068117	62.35235	1754.67098	29.484932399999998	67.330494	121.527341	19.12878	0.0	-23.83196	91.87783110000001	-32.0351598	92.56044	560.414761	81.5158971	-197.873443
244.11871702605907	266.4132340058267	52.23137140824207	27.780995846460304	1.0000000000000004	42.88249545068117	62.35235	1754.67098	29.484932399999998	67.330494	121.527341	19.12878	0.0	-23.83196	91.87783110000001	-32.0351598	92.56044	560.414761	81.5158971	-193.95515699999999
275.7077821517077	286.92383987650265	52.334320174011935	27.8377347329248	1.0000000000000004	42.88249545068117	62.35235	1754.67098	29.484932399999998	67.330494	121.527341	19.12878	0.0	-23.83196	91.87783110000001	-32.0351598	92.56044	549.3174389999999	81.5158971	-195.9143
294.2001303911851	298.59709267663015	52.39240208667932	27.868629733991778	1.0000000000000004	42.88249545068117	62.35235	1754.67098	29.484932399999998	67.330494	121.527341	19.12878	0.0	-23.83196	91.87783110000001	-32.0351598	92.56044	549.3174389999999	81.5158971	-197.873443
256.82285307386206	275.0254200222878	52.27519744665134	27.80628610045038	1.0	42.88249545068117	62.35235	1754.67098	29.484932399999998	67.330494	121.527341	19.12878	0.0	-23.83196	91.87783110000001	-32.0351598	92.56044	549.3174389999999	81.5158971	-193.95515699999999
230.5855645722684	254.0204185652149	52.1906646928907	27.742410358739296	1.0000000000000004	42.88249545068117	62.35235	1754.67098	29.484932399999998	67.330494	121.527341	19.12878	0.0	-23.83196	91.87783110000001	-32.0351598	90.72756000000001	554.8661	82.33929	-195.9143
224.32308229626844	249.7706501373775	52.16903817366569	27.729936908667305	0.9999999999999998	42.88249545068117	62.35235	1754.67098	29.484932399999998	67.330494	121.527341	19.12878	0.0	-23.83196	91.87783110000001	-32.0351598	90.72756000000001	560.414761	82.33929	-195.9143
263.75606122007645	278.2907469177238	52.31502434313803	27.81385150242918	1.0000000000000004	42.88249545068117	62.35235	1754.67098	29.484932399999998	67.330494	121.527341	19.12878	0.0	-23.83196	91.87783110000001	-32.0351598	90.72756000000001	560.414761	83.16268290000001	-195.9143
282.2250654065427	289.94367850847453	52.373034972900236	27.84469348447979	1.0000000000000002	42.88249545068117	62.35235	1754.67098	29.484932399999998	67.330494	121.527341	19.12878	0.0	-23.83196	91.87783110000001	-32.0351598	90.72756000000001	560.414761	83.16268290000001	-197.873443
244.8991293711641	266.4152429880612	52.25597406259709	27.782456778738148	1.0000000000000002	42.88249545068117	62.35235	1754.67098	29.484932399999998	67.330494	121.527341	19.12878	0.0	-23.83196	91.87783110000001	-32.0351598	90.72756000000001	560.414761	83.16268290000001	-193.95515699999999
184.4636964634873	220.86231961823395	52.02094001587065	27.644808318793537	1.0000000000000002	42.88249545068117	62.35235	1754.67098	29.484932399999998	67.330494	121.527341	19.12878	0.0	-23.83196	91.87783110000001	-32.0351598	90.72756000000001	560.414761	81.5158971	-195.9143
202.75597695153863	232.38867686930035	52.07827357051342	27.675276340475783	0.9999999999999998	42.88249545068117	62.35235	1754.67098	29.484932399999998	67.330494	121.527341	19.12878	0.0	-23.83196	91.87783110000001	-32.0351598	90.72756000000001	560.414761	81.5158971	-197.873443
236.98001003629105	258.35991059262847	52.2127465967348	27.75514645936781	1.0000000000000002	42.88249545068117	62.35235	1754.67098	29.484932399999998	67.330494	121.527341	19.12878	0.0	-23.83196	91.87783110000001	-32.0351598	90.72756000000001	549.3174389999999	82.33929	-195.9143
276.4800132538341	286.9265558252001	52.35897825007522	27.839202399443643	0.9999999999999998	42.88249545068117	62.35235	1754.67098	29.484932399999998	67.330494	121.527341	19.12878	0.0	-23.83196	91.87783110000001	-32.0351598	90.72756000000001	549.3174389999999	83.16268290000001	-195.9143
257.611144345172	275.0351667359273	52.29982455115632	27.807750452673147	1.0000000000000002	42.88249545068117	62.35235	1754.67098	29.484932399999998	67.330494	121.527341	19.12878	0.0	-23.83196	91.87783110000001	-32.0351598	90.72756000000001	549.3174389999999	83.16268290000001	-193.95515699999999
196.98840854472272	229.38285875110856	52.06440010665958	27.669874882418625	1.0000000000000002	42.88249545068117	62.35235	1754.67098	29.484932399999998	67.330494	121.527341	19.12878	0.0	-23.83196	91.87783110000001	-32.0351598	90.72756000000001	549.3174389999999	81.5158971	-195.9143
215.33220138409172	240.93821031334093	52.12183364700264	27.700398212603762	1.0	42.88249545068117	62.35235	1754.67098	29.484932399999998	67.330494	121.527341	19.12878	0.0	-23.83196	91.87783110000001	-32.0351598	90.72756000000001	549.3174389999999	81.5158971	-197.873443
178.3131447797882	217.62711435847456	52.00593658080617	27.638804161499245	1.0000000000000002	42.88249545068117	62.35235	1754.67098	29.484932399999998	67.330494	121.527341	19.12878	0.0	-23.83196	91.87783110000001	-32.0351598	90.72756000000001	549.3174389999999	81.5158971	-193.95515699999999
211.37852581275402	278.8930412934378	52.13926107601745	27.814002323017647	1.0	42.88249545068117	62.35235	1754.67098	29.484932399999998	67.330494	121.527341	19.12878	0.0	-23.36004	93.7339489	-31.4008002	91.644	554.8661	82.33929	-195.9143
251.26992467475367	307.64976465251704	52.27336144441913	27.897647319044857	0.9999999999999998	42.88249545068117	62.35235	1754.67098	29.484932399999998	67.330494	121.527341	19.12878	0.0	-23.36004	93.7339489	-31.4008002	92.56044	554.8661	82.33929	-195.9143
244.8609600901203	303.3504417121082	52.25158899821921	27.885044911463243	1.0	42.88249545068117	62.35235	1754.67098	29.484932399999998	67.330494	121.527341	19.12878	0.0	-23.36004	93.7339489	-31.4008002	92.56044	560.414761	82.33929	-195.9143
285.1740459221306	332.20458859693105	52.39856459925775	27.96983106416537	0.9999999999999998	42.88249545068117	62.35235	1754.67098	29.484932399999998	67.330494	121.527341	19.12878	0.0	-23.36004	93.7339489	-31.4008002	92.56044	560.414761	83.16268290000001	-195.9143
266.0356592617612	320.23627673320635	52.339088717935326	27.93808343203645	1.0	42.88249545068117	62.35235	1754.67098	29.484932399999998	67.330494	121.527341	19.12878	0.0	-23.36004	93.7339489	-31.4008002	92.56044	560.414761	83.16268290000001	-193.95515699999999
203.78726974781506	274.01371908851326	52.10249144212659	27.79903466167309	1.0000000000000002	42.88249545068117	62.35235	1754.67098	29.484932399999998	67.330494	121.527341	19.12878	0.0	-23.36004	93.7339489	-31.4008002	92.56044	560.414761	81.5158971	-195.9143
222.54927145982765	285.67949236670466	52.160235588586175	27.829843774337533	0.9999999999999998	42.88249545068117	62.35235	1754.67098	29.484932399999998	67.330494	121.527341	19.12878	0.0	-23.36004	93.7339489	-31.4008002	92.56044	560.414761	81.5158971	-197.873443
184.62336530638353	262.13350888943353	52.04371235066454	27.767673359061483	0.9999999999999998	42.88249545068117	62.35235	1754.67098	29.484932399999998	67.330494	121.527341	19.12878	0.0	-23.36004	93.7339489	-31.4008002	92.56044	560.414761	81.5158971	-193.95515699999999
257.8073402906784	312.0381312814488	52.295592444002345	27.910515148186416	1.0	42.88249545068117	62.35235	1754.67098	29.484932399999998	67.330494	121.527341	19.12878	0.0	-23.36004	93.7339489	-31.4008002	92.56044	549.3174389999999	82.33929	-195.9143
278.99155622416487	328.94157313259416	52.38323590781974	27.963639078507374	0.9999999999999998	42.88249545068117	62.35235	1754.67098	29.484932399999998	67.330494	121.527341	19.12878	0.0	-23.36004	93.7339489	-31.4008002	92.56044	549.3174389999999	83.16268290000001	-193.95515699999999
216.71706504966733	282.66200129367445	52.14624359347315	27.824359688370727	0.9999999999999998	42.88249545068117	62.35235	1754.67098	29.484932399999998	67.330494	121.527341	19.12878	0.0	-23.36004	93.7339489	-31.4008002	92.56044	549.3174389999999	81.5158971	-195.9143
235.47942774734284	294.34509851894757	52.20408893728021	27.855224992206086	1.0	42.88249545068117	62.35235	1754.67098	29.484932399999998	67.330494	121.527341	19.12878	0.0	-23.36004	93.7339489	-31.4008002	92.56044	549.3174389999999	81.5158971	-197.873443
197.5488499848141	270.76102937591804	52.08736161087512	27.792941251488784	0.9999999999999998	42.88249545068117	62.35235	1754.67098	29.484932399999998	67.330494	121.527341	19.12878	0.0	-23.36004	93.7339489	-31.4008002	92.56044	549.3174389999999	81.5158971	-193.95515699999999
170.78479821363274	249.68003547539124	52.00315878173555	27.729108627346328	0.9999999999999998	42.88249545068117	62.35235	1754.67098	29.484932399999998	67.330494	121.527341	19.12878	0.0	-23.36004	93.7339489	-31.4008002	90.72756000000001	554.8661	82.33929	-195.9143
204.5500003373017	274.0094962108776	52.127016538351526	27.800486319045916	1.0000000000000002	42.88249545068117	62.35235	1754.67098	29.484932399999998	67.330494	121.527341	19.12878	0.0	-23.36004	93.7339489	-31.4008002	90.72756000000001	560.414761	83.16268290000001	-195.9143
223.29565073127006	285.66858130599525	52.18479088562872	27.831298651263122	1.0000000000000002	42.88249545068117	62.35235	1754.67098	29.484932399999998	67.330494	121.527341	19.12878	0.0	-23.36004	93.7339489	-31.4008002	90.72756000000001	560.414761	83.16268290000001	-197.873443
185.4026183756452	262.13583954182207	52.06820671165249	27.769121742840618	1.0	42.88249545068117	62.35235	1754.67098	29.484932399999998	67.330494	121.527341	19.12878	0.0	-23.36004	93.7339489	-31.4008002	90.72756000000001	560.414761	83.16268290000001	-193.95515699999999
177.2964257876187	254.02634021200348	52.025151624853386	27.741833472140456	1.0	42.88249545068117	62.35235	1754.67098	29.484932399999998	67.330494	121.527341	19.12878	0.0	-23.36004	93.7339489	-31.4008002	90.72756000000001	549.3174389999999	82.33929	-195.9143
217.4869927645899	282.6654472775621	52.17079306974499	27.825814753355182	1.0	42.88249545068117	62.35235	1754.67098	29.484932399999998	67.330494	121.527341	19.12878	0.0	-23.36004	93.7339489	-31.4008002	90.72756000000001	549.3174389999999	83.16268290000001	-195.9143
236.23286482940804	294.3417004607054	52.22866867584126	27.856683287245787	0.9999999999999998	42.88249545068117	62.35235	1754.67098	29.484932399999998	67.330494	121.527341	19.12878	0.0	-23.36004	93.7339489	-31.4008002	90.72756000000001	549.3174389999999	83.16268290000001	-197.873443
198.33550496561375	270.771212438492	52.11188028942755	27.794393032210817	0.9999999999999996	42.88249545068117	62.35235	1754.67098	29.484932399999998	67.330494	121.527341	19.12878	0.0	-23.36004	93.7339489	-31.4008002	90.72756000000001	549.3174389999999	83.16268290000001	-193.95515699999999
189.16463445040563	266.2595781297957	52.10190208428695	27.785964820516295	0.9999999999999998	42.88249545068117	62.35235	1754.67098	29.484932399999998	67.330494	121.527341	19.12878	0.0	-23.36004	91.87783110000001	-31.4008002	91.644	554.8661	82.33929	-195.9143
229.07962482090974	294.95815857132436	52.235790542880714	27.86946547059856	1.0	42.88249545068117	62.35235	1754.67098	29.484932399999998	67.330494	121.527341	19.12878	0.0	-23.36004	91.87783110000001	-31.4008002	92.56044	554.8661	82.33929	-195.9143
222.66620189165997	290.66708154946537	52.21405400153891	27.856886523321187	1.0000000000000002	42.88249545068117	62.35235	1754.67098	29.484932399999998	67.330494	121.527341	19.12878	0.0	-23.36004	91.87783110000001	-31.4008002	92.56044	560.414761	82.33929	-195.9143
263.00745125157357	319.47301439788777	52.36078643447958	27.94151411729845	1.0000000000000004	42.88249545068117	62.35235	1754.67098	29.484932399999998	67.330494	121.527341	19.12878	0.0	-23.36004	91.87783110000001	-31.4008002	92.56044	560.414761	83.16268290000001	-195.9143
243.86196794733564	307.52975224940974	52.30141353626237	27.90983069948354	1.0000000000000002	42.88249545068117	62.35235	1754.67098	29.484932399999998	67.330494	121.527341	19.12878	0.0	-23.36004	91.87783110000001	-31.4008002	92.56044	560.414761	83.16268290000001	-193.95515699999999
181.57343989106107	261.39649659578095	52.06520233635761	27.771036667012346	1.0000000000000002	42.88249545068117	62.35235	1754.67098	29.484932399999998	67.330494	121.527341	19.12878	0.0	-23.36004	91.87783110000001	-31.4008002	92.56044	560.414761	81.5158971	-195.9143
200.3364352200029	273.0258419762263	52.12284697590184	27.801783717376185	0.9999999999999998	42.88249545068117	62.35235	1754.67098	29.484932399999998	67.330494	121.527341	19.12878	0.0	-23.36004	91.87783110000001	-31.4008002	92.56044	560.414761	81.5158971	-197.873443
162.41418664339014	249.55899737455695	52.00652440309985	27.739738468543468	1.0000000000000002	42.88249545068117	62.35235	1754.67098	29.484932399999998	67.330494	121.527341	19.12878	0.0	-23.36004	91.87783110000001	-31.4008002	92.56044	560.414761	81.5158971	-193.95515699999999
235.62177676766632	299.3385047325292	52.2579848640055	27.882309335263855	1.0000000000000002	42.88249545068117	62.35235	1754.67098	29.484932399999998	67.330494	121.527341	19.12878	0.0	-23.36004	91.87783110000001	-31.4008002	92.56044	549.3174389999999	82.33929	-195.9143
275.96560700197347	328.1764587415256	52.40496507772492	27.96708007752252	1.0000000000000002	42.88249545068117	62.35235	1754.67098	29.484932399999998	67.330494	121.527341	19.12878	0.0	-23.36004	91.87783110000001	-31.4008002	92.56044	549.3174389999999	83.16268290000001	-195.9143
256.8277729579488	316.2210037246539	52.345487775285015	27.935338686651164	0.9999999999999998	42.88249545068117	62.35235	1754.67098	29.484932399999998	67.330494	121.527341	19.12878	0.0	-23.36004	91.87783110000001	-31.4008002	92.56044	549.3174389999999	83.16268290000001	-193.95515699999999
194.50811530203663	270.0224714410862	52.10888255196165	27.796314674182675	1.0000000000000002	42.88249545068117	62.35235	1754.67098	29.484932399999998	67.330494	121.527341	19.12878	0.0	-23.36004	91.87783110000001	-31.4008002	92.56044	549.3174389999999	81.5158971	-195.9143
213.27393171847794	281.67223171309394	52.16662812464798	27.827117754786627	1.0000000000000002	42.88249545068117	62.35235	1754.67098	29.484932399999998	67.330494	121.527341	19.12878	0.0	-23.36004	91.87783110000001	-31.4008002	92.56044	549.3174389999999	81.5158971	-197.873443
175.34055470737547	258.16043810364914	52.0501019958482	27.76495950488263	1.0000000000000002	42.88249545068117	62.35235	1754.67098	29.484932399999998	67.330494	121.527341	19.12878	0.0	-23.36004	91.87783110000001	-31.4008002	92.56044	549.3174389999999	81.5158971	-193.95515699999999
182.33132966684903	261.385388378963	52.08966808081274	27.772461982870368	1.0000000000000002	42.88249545068117	62.35235	1754.67098	29.484932399999998	67.330494	121.527341	19.12878	0.0	-23.36004	91.87783110000001	-31.4008002	90.72756000000001	560.414761	83.16268290000001	-195.9143
201.07809322914778	273.00825646969906	52.14734277112273	27.803212191175074	1.0000000000000002	42.88249545068117	62.35235	1754.67098	29.484932399999998	67.330494	121.527341	19.12878	0.0	-23.36004	91.87783110000001	-31.4008002	90.72756000000001	560.414761	83.16268290000001	-197.873443
163.18838284883066	249.55419024708752	52.03095956485406	27.741160573442997	1.0000000000000002	42.88249545068117	62.35235	1754.67098	29.484932399999998	67.330494	121.527341	19.12878	0.0	-23.36004	91.87783110000001	-31.4008002	90.72756000000001	560.414761	83.16268290000001	-193.95515699999999
195.27325683613023	270.01912399129327	52.13337256502	27.797743349362356	1.0000000000000002	42.88249545068117	62.35235	1754.67098	29.484932399999998	67.330494	121.527341	19.12878	0.0	-23.36004	91.87783110000001	-31.4008002	90.72756000000001	549.3174389999999	83.16268290000001	-195.9143
214.022665367958	281.6622342806851	52.19114824953111	27.828549598236254	0.9999999999999998	42.88249545068117	62.35235	1754.67098	29.484932399999998	67.330494	121.527341	19.12878	0.0	-23.36004	91.87783110000001	-31.4008002	90.72756000000001	549.3174389999999	83.16268290000001	-197.873443
176.12227466771853	258.1635962818113	52.07456136414212	27.766384958611173	1.0	42.88249545068117	62.35235	1754.67098	29.484932399999998	67.330494	121.527341	19.12878	0.0	-23.36004	91.87783110000001	-31.4008002	90.72756000000001	549.3174389999999	83.16268290000001	-193.95515699999999
89.05072973983067	56.375057468173054	52.04827150456546	27.32106465572004	0.9999999999999998	42.89607636904329	61.11765	1754.67098	30.0805876	68.69070599999999	121.527341	19.51522	0.0	-23.83196	93.7339489	-32.0351598	91.644	554.8661	82.33929	-195.9143
50.47369443976835	76.55067683021308	52.1801036812719	27.402190068566753	1.0000000000000002	42.89607636904329	61.11765	1754.67098	30.0805876	68.69070599999999	121.527341	19.51522	0.0	-23.83196	93.7339489	-32.0351598	92.56044	554.8661	82.33929	-195.9143
56.56557968280722	73.17482375434238	52.15872581842337	27.38999692573085	1.0	42.89607636904329	61.11765	1754.67098	30.0805876	68.69070599999999	121.527341	19.51522	0.0	-23.83196	93.7339489	-32.0351598	92.56044	560.414761	82.33929	-195.9143
21.016054147088468	97.28102973170549	52.3030239665194	27.472017172951613	1.0	42.89607636904329	61.11765	1754.67098	30.0805876	68.69070599999999	121.527341	19.51522	0.0	-23.83196	93.7339489	-32.0351598	92.56044	560.414761	83.16268290000001	-195.9143
15.50786523941944	107.82485883473926	52.360307717273066	27.50210530295043	1.0000000000000002	42.89607636904329	61.11765	1754.67098	30.0805876	68.69070599999999	121.527341	19.51522	0.0	-23.83196	93.7339489	-32.0351598	92.56044	560.414761	83.16268290000001	-197.873443
36.6668984207711	86.86992906917975	52.244711988330934	27.44138896936614	1.0000000000000004	42.89607636904329	61.11765	1754.67098	30.0805876	68.69070599999999	121.527341	19.51522	0.0	-23.83196	93.7339489	-32.0351598	92.56044	560.414761	83.16268290000001	-193.95515699999999
96.45141240981219	53.900763258660255	52.012330747865555	27.306784770637478	1.0000000000000004	42.89607636904329	61.11765	1754.67098	30.0805876	68.69070599999999	121.527341	19.51522	0.0	-23.83196	93.7339489	-32.0351598	92.56044	560.414761	81.5158971	-195.9143
78.31550476566314	60.64420654745538	52.06895312789263	27.336511858856152	1.0	42.89607636904329	61.11765	1754.67098	30.0805876	68.69070599999999	121.527341	19.51522	0.0	-23.83196	93.7339489	-32.0351598	92.56044	560.414761	81.5158971	-197.873443
44.335135194760554	80.0911274646897	52.20193148622946	27.414639841751633	1.0	42.89607636904329	61.11765	1754.67098	30.0805876	68.69070599999999	121.527341	19.51522	0.0	-23.83196	93.7339489	-32.0351598	92.56044	549.3174389999999	82.33929	-195.9143
15.167538040020972	105.04248626017126	52.34646953580286	27.49679668479194	0.9999999999999998	42.89607636904329	61.11765	1754.67098	30.0805876	68.69070599999999	121.527341	19.51522	0.0	-23.83196	93.7339489	-32.0351598	92.56044	549.3174389999999	83.16268290000001	-195.9143
22.31097239244775	115.77666774391894	52.4038526384065	27.52693914749146	0.9999999999999996	42.89607636904329	61.11765	1754.67098	30.0805876	68.69070599999999	121.527341	19.51522	0.0	-23.83196	93.7339489	-32.0351598	92.56044	549.3174389999999	83.16268290000001	-197.873443
25.54349555580713	94.36274749671591	52.28805653887297	27.46611323441651	1.0	42.89607636904329	61.11765	1754.67098	30.0805876	68.69070599999999	121.527341	19.51522	0.0	-23.83196	93.7339489	-32.0351598	92.56044	549.3174389999999	83.16268290000001	-193.95515699999999
83.79081015706528	58.68270355034687	52.05529370727319	27.33128949196453	1.0000000000000002	42.89607636904329	61.11765	1754.67098	30.0805876	68.69070599999999	121.527341	19.51522	0.0	-23.83196	93.7339489	-32.0351598	92.56044	549.3174389999999	81.5158971	-195.9143
65.77322190004558	66.52118017637703	52.11201376773246	27.361069986550376	0.9999999999999998	42.89607636904329	61.11765	1754.67098	30.0805876	68.69070599999999	121.527341	19.51522	0.0	-23.83196	93.7339489	-32.0351598	92.56044	549.3174389999999	81.5158971	-197.873443
95.78124093590364	53.6823532890708	52.03607925875852	27.307779857628237	1.0	42.89607636904329	61.11765	1754.67098	30.0805876	68.69070599999999	121.527341	19.51522	0.0	-23.83196	93.7339489	-32.0351598	90.72756000000001	560.414761	83.16268290000001	-195.9143
77.66667541026678	60.41710231229969	52.09272955878325	27.337509113636383	0.9999999999999996	42.89607636904329	61.11765	1754.67098	30.0805876	68.69070599999999	121.527341	19.51522	0.0	-23.83196	93.7339489	-32.0351598	90.72756000000001	560.414761	83.16268290000001	-197.873443
83.1184788314928	58.466036312597375	52.07906492416062	27.332287160632383	1.0	42.89607636904329	61.11765	1754.67098	30.0805876	68.69070599999999	121.527341	19.51522	0.0	-23.83196	93.7339489	-32.0351598	90.72756000000001	549.3174389999999	83.16268290000001	-195.9143
65.1252415182681	66.2997951624676	52.13581295966122	27.36206983058552	1.0	42.89607636904329	61.11765	1754.67098	30.0805876	68.69070599999999	121.527341	19.51522	0.0	-23.83196	93.7339489	-32.0351598	90.72756000000001	549.3174389999999	83.16268290000001	-197.873443
101.67402997572262	52.0840922796669	52.02129762779312	27.301969559210214	0.9999999999999998	42.89607636904329	61.11765	1754.67098	30.0805876	68.69070599999999	121.527341	19.51522	0.0	-23.83196	93.7339489	-32.0351598	90.72756000000001	549.3174389999999	83.16268290000001	-193.95515699999999
109.83516956963909	49.9274363534258	52.01122174697786	27.29357691090364	1.0000000000000002	42.89607636904329	61.11765	1754.67098	30.0805876	68.69070599999999	121.527341	19.51522	0.0	-23.83196	91.87783110000001	-32.0351598	91.644	554.8661	82.33929	-195.9143
70.84507859219956	66.5027394057889	52.14284673473833	27.374562960980217	1.0000000000000007	42.89607636904329	61.11765	1754.67098	30.0805876	68.69070599999999	121.527341	19.51522	0.0	-23.83196	91.87783110000001	-32.0351598	92.56044	554.8661	82.33929	-195.9143
77.05876778881293	63.47785456541967	52.121503958189855	27.362392440315986	1.0000000000000004	42.89607636904329	61.11765	1754.67098	30.0805876	68.69070599999999	121.527341	19.51522	0.0	-23.83196	91.87783110000001	-32.0351598	92.56044	560.414761	82.33929	-195.9143
38.83747668821402	85.95694413907276	52.26556450128803	27.44425981105057	1.0	42.89607636904329	61.11765	1754.67098	30.0805876	68.69070599999999	121.527341	19.51522	0.0	-23.83196	91.87783110000001	-32.0351598	92.56044	560.414761	83.16268290000001	-195.9143
23.066925900064604	96.13771940176699	52.322749324805805	27.474287137242218	0.9999999999999998	42.89607636904329	61.11765	1754.67098	30.0805876	68.69070599999999	121.527341	19.51522	0.0	-23.83196	91.87783110000001	-32.0351598	92.56044	560.414761	83.16268290000001	-197.873443
56.60854375029655	76.0712629027369	52.20735309606185	27.41369343442693	1.0000000000000002	42.89607636904329	61.11765	1754.67098	30.0805876	68.69070599999999	121.527341	19.51522	0.0	-23.83196	91.87783110000001	-32.0351598	92.56044	560.414761	83.16268290000001	-193.95515699999999
98.99672449388831	52.99574477482167	52.03187436734575	27.30900227248307	1.0000000000000004	42.89607636904329	61.11765	1754.67098	30.0805876	68.69070599999999	121.527341	19.51522	0.0	-23.83196	91.87783110000001	-32.0351598	92.56044	560.414761	81.5158971	-197.873443
64.53620943594362	69.73297068681565	52.164638698180916	27.386989626310744	1.0000000000000002	42.89607636904329	61.11765	1754.67098	30.0805876	68.69070599999999	121.527341	19.51522	0.0	-23.83196	91.87783110000001	-32.0351598	92.56044	549.3174389999999	82.33929	-195.9143
27.562007823348182	93.44674350181062	52.308938525288	27.468993211856517	1.0000000000000004	42.89607636904329	61.11765	1754.67098	30.0805876	68.69070599999999	121.527341	19.51522	0.0	-23.83196	91.87783110000001	-32.0351598	92.56044	549.3174389999999	83.16268290000001	-195.9143
15.919522846415596	103.89426755068376	52.366222440750036	27.49907471473799	1.0000000000000004	42.89607636904329	61.11765	1754.67098	30.0805876	68.69070599999999	121.527341	19.51522	0.0	-23.83196	91.87783110000001	-32.0351598	92.56044	549.3174389999999	83.16268290000001	-197.873443
44.43323221355269	83.17451409490329	52.25062636524873	27.438371746893832	1.0	42.89607636904329	61.11765	1754.67098	30.0805876	68.69070599999999	121.527341	19.51522	0.0	-23.83196	91.87783110000001	-32.0351598	92.56044	549.3174389999999	83.16268290000001	-193.95515699999999
104.5418619244646	51.548078615320534	52.01824184145127	27.30379432798545	1.0000000000000007	42.89607636904329	61.11765	1754.67098	30.0805876	68.69070599999999	121.527341	19.51522	0.0	-23.83196	91.87783110000001	-32.0351598	92.56044	549.3174389999999	81.5158971	-195.9143
86.33172682514642	57.69836849818586	52.07486444816347	27.33351490202362	1.0000000000000007	42.89607636904329	61.11765	1754.67098	30.0805876	68.69070599999999	121.527341	19.51522	0.0	-23.83196	91.87783110000001	-32.0351598	92.56044	549.3174389999999	81.5158971	-197.873443
98.34710259727508	52.77580331701971	52.05559286116018	27.309974419616893	0.9999999999999998	42.89607636904329	61.11765	1754.67098	30.0805876	68.69070599999999	121.527341	19.51522	0.0	-23.83196	91.87783110000001	-32.0351598	90.72756000000001	560.414761	83.16268290000001	-197.873443
103.86954006386718	51.35129403221446	52.04195515770611	27.304766901080995	1.0000000000000002	42.89607636904329	61.11765	1754.67098	30.0805876	68.69070599999999	121.527341	19.51522	0.0	-23.83196	91.87783110000001	-32.0351598	90.72756000000001	549.3174389999999	83.16268290000001	-195.9143
85.67954390079389	57.44993331496468	52.09860559674316	27.33448959362902	1.0	42.89607636904329	61.11765	1754.67098	30.0805876	68.69070599999999	121.527341	19.51522	0.0	-23.83196	91.87783110000001	-32.0351598	90.72756000000001	549.3174389999999	83.16268290000001	-197.873443
40.99700829145937	133.3536092272569	52.24631364444547	27.539827135587768	1.0000000000000004	42.89607636904329	61.11765	1754.67098	30.0805876	68.69070599999999	121.527341	19.51522	0.0	-23.36004	92.80589	-31.71798	91.644	554.8661	82.33929	-195.9143
51.132903989710236	139.34494958321176	52.26479115652578	27.553565051124394	1.0000000000000002	42.89607636904329	61.11765	1754.67098	30.0805876	68.69070599999999	121.527341	19.51522	0.0	-23.36004	93.7339489	-31.71798	91.644	554.8661	82.33929	-195.9143
167.00177140866762	185.67553664472837	52.39010552132037	27.63973521982058	1.0	42.89607636904329	61.11765	1754.67098	30.0805876	68.69070599999999	121.527341	19.51522	0.0	-23.36004	93.7339489	-32.0351598	90.72756000000001	560.414761	81.5158971	-195.9143
148.17992488243667	174.2682861718044	52.3313402667171	27.60873211224526	1.0000000000000004	42.89607636904329	61.11765	1754.67098	30.0805876	68.69070599999999	121.527341	19.51522	0.0	-23.36004	93.7339489	-32.0351598	90.72756000000001	560.414761	81.5158971	-193.95515699999999
160.8769771011489	182.49451623486172	52.37499901736429	27.633733988054626	1.0000000000000002	42.89607636904329	61.11765	1754.67098	30.0805876	68.69070599999999	121.527341	19.51522	0.0	-23.36004	93.7339489	-32.0351598	90.72756000000001	549.3174389999999	81.5158971	-193.95515699999999
92.80028058876354	84.93245822663876	52.08288929730023	27.43457081873166	0.9999999999999998	42.89607636904329	61.11765	1754.67098	30.0805876	68.69070599999999	121.527341	19.51522	0.0	-23.36004	93.7339489	-31.4008002	92.56044	560.414761	83.16268290000001	-195.9143
75.06548084509389	94.6395141665613	52.13985411202023	27.46457693522591	1.0000000000000002	42.89607636904329	61.11765	1754.67098	30.0805876	68.69070599999999	121.527341	19.51522	0.0	-23.36004	93.7339489	-31.4008002	92.56044	560.414761	83.16268290000001	-197.873443
111.21646240766044	75.6921750452042	52.02490180526895	27.40402600875286	1.0	42.89607636904329	61.11765	1754.67098	30.0805876	68.69070599999999	121.527341	19.51522	0.0	-23.36004	93.7339489	-31.4008002	92.56044	560.414761	83.16268290000001	-193.95515699999999
80.60205993208817	92.1336142462113	52.1260976602257	27.459288134126734	1.0	42.89607636904329	61.11765	1754.67098	30.0805876	68.69070599999999	121.527341	19.51522	0.0	-23.36004	93.7339489	-31.4008002	92.56044	549.3174389999999	83.16268290000001	-195.9143
63.24822279831967	102.18802052941818	52.1831611549377	27.48934837292402	1.0000000000000002	42.89607636904329	61.11765	1754.67098	30.0805876	68.69070599999999	121.527341	19.51522	0.0	-23.36004	93.7339489	-31.4008002	92.56044	549.3174389999999	83.16268290000001	-197.873443
98.7997778433526	82.39517982998055	52.068009832129114	27.428688291046463	1.0000000000000004	42.89607636904329	61.11765	1754.67098	30.0805876	68.69070599999999	121.527341	19.51522	0.0	-23.36004	93.7339489	-31.4008002	92.56044	549.3174389999999	83.16268290000001	-193.95515699999999
31.019798191792976	127.34080636587406	52.22747630796263	27.52582169284139	1.0000000000000002	42.89607636904329	61.11765	1754.67098	30.0805876	68.69070599999999	121.527341	19.51522	0.0	-23.36004	91.87783110000001	-31.71798	91.644	554.8661	82.33929	-195.9143
145.72461535832178	173.63821294678408	52.35260645646563	27.61185871297656	1.0000000000000004	42.89607636904329	61.11765	1754.67098	30.0805876	68.69070599999999	121.527341	19.51522	0.0	-23.36004	91.87783110000001	-32.0351598	90.72756000000001	560.414761	81.5158971	-195.9143
126.91330580622942	162.32246909932795	52.293942423912696	27.580918076243755	1.0000000000000002	42.89607636904329	61.11765	1754.67098	30.0805876	68.69070599999999	121.527341	19.51522	0.0	-23.36004	91.87783110000001	-32.0351598	90.72756000000001	560.414761	81.5158971	-193.95515699999999
158.43759292562765	181.86296718734394	52.39629556211198	27.636870229405982	1.0000000000000002	42.89607636904329	61.11765	1754.67098	30.0805876	68.69070599999999	121.527341	19.51522	0.0	-23.36004	91.87783110000001	-32.0351598	90.72756000000001	549.3174389999999	81.5158971	-195.9143
139.6013671381627	170.48318786509677	52.33752944941188	27.605873545133637	1.0000000000000002	42.89607636904329	61.11765	1754.67098	30.0805876	68.69070599999999	121.527341	19.51522	0.0	-23.36004	91.87783110000001	-32.0351598	90.72756000000001	549.3174389999999	81.5158971	-193.95515699999999
114.44542800085212	74.93615004478806	52.04585011173301	27.407020162630612	1.0000000000000002	42.89607636904329	61.11765	1754.67098	30.0805876	68.69070599999999	121.527341	19.51522	0.0	-23.36004	91.87783110000001	-31.4008002	92.56044	560.414761	83.16268290000001	-195.9143
96.47741677933537	83.91640740119706	52.10271718781404	27.436966010328298	1.0000000000000002	42.89607636904329	61.11765	1754.67098	30.0805876	68.69070599999999	121.527341	19.51522	0.0	-23.36004	91.87783110000001	-31.4008002	92.56044	560.414761	83.16268290000001	-197.873443
102.08116050153679	81.59992681405254	52.08898778698254	27.431691767764697	1.0000000000000002	42.89607636904329	61.11765	1754.67098	30.0805876	68.69070599999999	121.527341	19.51522	0.0	-23.36004	91.87783110000001	-31.4008002	92.56044	549.3174389999999	83.16268290000001	-195.9143
84.33637700411836	91.08193444209121	52.14595328656122	27.46169158331553	1.0000000000000002	42.89607636904329	61.11765	1754.67098	30.0805876	68.69070599999999	121.527341	19.51522	0.0	-23.36004	91.87783110000001	-31.4008002	92.56044	549.3174389999999	83.16268290000001	-197.873443
120.48270490045039	72.6789461604911	52.03099958436631	27.40115336477556	1.0000000000000002	42.89607636904329	61.11765	1754.67098	30.0805876	68.69070599999999	121.527341	19.51522	0.0	-23.36004	91.87783110000001	-31.4008002	92.56044	549.3174389999999	83.16268290000001	-193.95515699999999
81.37093287043245	60.12673506034407	52.05107021239339	27.34001323628359	1.0000000000000002	42.88607930413784	61.11765	1719.92502	30.0805876	68.69070599999999	121.527341	19.51522	0.0	-23.83196	93.7339489	-32.0351598	91.644	554.8661	82.33929	-195.9143
43.08389602492202	81.67118323422412	52.1829876728886	27.421234788304176	0.9999999999999998	42.88607930413784	61.11765	1719.92502	30.0805876	68.69070599999999	121.527341	19.51522	0.0	-23.83196	93.7339489	-32.0351598	92.56044	554.8661	82.33929	-195.9143
49.08362251491973	78.16120128244567	52.16159495345048	27.409026038670444	1.0	42.88607930413784	61.11765	1719.92502	30.0805876	68.69070599999999	121.527341	19.51522	0.0	-23.83196	93.7339489	-32.0351598	92.56044	560.414761	82.33929	-195.9143
16.610941111859407	102.92213360513169	52.3059939178442	27.491151754345672	1.0	42.88607930413784	61.11765	1719.92502	30.0805876	68.69070599999999	121.527341	19.51522	0.0	-23.83196	93.7339489	-32.0351598	92.56044	560.414761	83.16268290000001	-195.9143
19.029864232458255	113.61513876921524	52.36332086617204	27.521281835394696	0.9999999999999998	42.88607930413784	61.11765	1719.92502	30.0805876	68.69070599999999	121.527341	19.51522	0.0	-23.83196	93.7339489	-32.0351598	92.56044	560.414761	83.16268290000001	-197.873443
29.762701470788848	92.3057256103886	52.24763805652852	27.46048089391418	1.0000000000000002	42.88607930413784	61.11765	1719.92502	30.0805876	68.69070599999999	121.527341	19.51522	0.0	-23.83196	93.7339489	-32.0351598	92.56044	560.414761	83.16268290000001	-193.95515699999999
88.75668545868345	57.27972464216805	52.01509812558979	27.32570718051433	1.0	42.88607930413784	61.11765	1719.92502	30.0805876	68.69070599999999	121.527341	19.51522	0.0	-23.83196	93.7339489	-32.0351598	92.56044	560.414761	81.5158971	-195.9143
70.66398702796326	64.83385817300402	52.07176279994954	27.355475504613135	1.0	42.88607930413784	61.11765	1719.92502	30.0805876	68.69070599999999	121.527341	19.51522	0.0	-23.83196	93.7339489	-32.0351598	92.56044	560.414761	81.5158971	-197.873443
37.0858911255526	85.33182785054431	52.20483065869744	27.433700503369742	0.9999999999999996	42.88607930413784	61.11765	1719.92502	30.0805876	68.69070599999999	121.527341	19.51522	0.0	-23.83196	93.7339489	-32.0351598	92.56044	549.3174389999999	82.33929	-195.9143
16.287086611548784	110.8001132295716	52.349469845879625	27.515963077926077	0.9999999999999998	42.88607930413784	61.11765	1719.92502	30.0805876	68.69070599999999	121.527341	19.51522	0.0	-23.83196	93.7339489	-32.0351598	92.56044	549.3174389999999	83.16268290000001	-195.9143
28.64866907669411	121.65626723023757	52.40689628201954	27.5461475993964	0.9999999999999993	42.88607930413784	61.11765	1719.92502	30.0805876	68.69070599999999	121.527341	19.51522	0.0	-23.83196	93.7339489	-32.0351598	92.56044	549.3174389999999	83.16268290000001	-197.873443
19.860126090018955	99.9560812274008	52.29101282781319	27.48523686129968	0.9999999999999998	42.88607930413784	61.11765	1719.92502	30.0805876	68.69070599999999	121.527341	19.51522	0.0	-23.83196	93.7339489	-32.0351598	92.56044	549.3174389999999	83.16268290000001	-193.95515699999999
76.1264112498047	62.69419421896118	52.05809079867286	27.350243185122697	0.9999999999999993	42.88607930413784	61.11765	1719.92502	30.0805876	68.69070599999999	121.527341	19.51522	0.0	-23.83196	93.7339489	-32.0351598	92.56044	549.3174389999999	81.5158971	-195.9143
58.18952034853902	71.15085976592037	52.11485328608831	27.380065020898602	0.9999999999999998	42.88607930413784	61.11765	1719.92502	30.0805876	68.69070599999999	121.527341	19.51522	0.0	-23.83196	93.7339489	-32.0351598	92.56044	549.3174389999999	81.5158971	-197.873443
94.6700031224433	55.39330736914056	52.0003088742866	27.319885758266988	0.9999999999999993	42.88607930413784	61.11765	1719.92502	30.0805876	68.69070599999999	121.527341	19.51522	0.0	-23.83196	93.7339489	-32.0351598	92.56044	549.3174389999999	81.5158971	-193.95515699999999
88.08596261104154	57.049074444583994	52.03887612222112	27.326719561433883	0.9999999999999998	42.88607930413784	61.11765	1719.92502	30.0805876	68.69070599999999	121.527341	19.51522	0.0	-23.83196	93.7339489	-32.0351598	90.72756000000001	560.414761	83.16268290000001	-195.9143
70.01617829582281	64.599123510138	52.095568802666484	27.356490092528325	1.0	42.88607930413784	61.11765	1719.92502	30.0805876	68.69070599999999	121.527341	19.51522	0.0	-23.83196	93.7339489	-32.0351598	90.72756000000001	560.414761	83.16268290000001	-197.873443
75.45449710983414	62.469716184969336	52.08189156449361	27.35125817857063	1.0	42.88607930413784	61.11765	1719.92502	30.0805876	68.69070599999999	121.527341	19.51522	0.0	-23.83196	93.7339489	-32.0351598	90.72756000000001	549.3174389999999	83.16268290000001	-195.9143
57.54498486122501	70.92467737256837	52.13868211327836	27.38108222902761	0.9999999999999998	42.88607930413784	61.11765	1719.92502	30.0805876	68.69070599999999	121.527341	19.51522	0.0	-23.83196	93.7339489	-32.0351598	90.72756000000001	549.3174389999999	83.16268290000001	-197.873443
93.9757143600679	55.17213335090296	52.024081079485015	27.320898499737915	0.9999999999999998	42.88607930413784	61.11765	1719.92502	30.0805876	68.69070599999999	121.527341	19.51522	0.0	-23.83196	93.7339489	-32.0351598	90.72756000000001	549.3174389999999	83.16268290000001	-193.95515699999999
102.14371104387887	52.602785130148035	52.014000294219684	27.31249851795093	0.9999999999999998	42.88607930413784	61.11765	1719.92502	30.0805876	68.69070599999999	121.527341	19.51522	0.0	-23.83196	91.87783110000001	-32.0351598	91.644	554.8661	82.33929	-195.9143
63.276615533128435	71.19302098734903	52.14571034138856	27.393580487626235	0.9999999999999996	42.88607930413784	61.11765	1719.92502	30.0805876	68.69070599999999	121.527341	19.51522	0.0	-23.83196	91.87783110000001	-32.0351598	92.56044	554.8661	82.33929	-195.9143
69.45643696808402	67.97026940265467	52.12435274696123	27.381394396908824	1.0000000000000002	42.88607930413784	61.11765	1719.92502	30.0805876	68.69070599999999	121.527341	19.51522	0.0	-23.83196	91.87783110000001	-32.0351598	92.56044	560.414761	82.33929	-195.9143
31.89059375233409	91.3903658769415	52.26851384346709	27.463366987100052	1.0	42.88607930413784	61.11765	1719.92502	30.0805876	68.69070599999999	121.527341	19.51522	0.0	-23.83196	91.87783110000001	-32.0351598	92.56044	560.414761	83.16268290000001	-195.9143
18.084422037251056	101.77513025071522	52.32574175283949	27.493436161856113	1.0000000000000004	42.88607930413784	61.11765	1719.92502	30.0805876	68.69070599999999	121.527341	19.51522	0.0	-23.83196	91.87783110000001	-32.0351598	92.56044	560.414761	83.16268290000001	-197.873443
49.20785728507482	81.21435182256711	52.21025866845718	27.43275805769781	1.0000000000000002	42.88607930413784	61.11765	1719.92502	30.0805876	68.69070599999999	121.527341	19.51522	0.0	-23.83196	91.87783110000001	-32.0351598	92.56044	560.414761	83.16268290000001	-193.95515699999999
91.31365172540995	56.312859940898264	52.03466384900614	27.327938912878235	1.0000000000000002	42.88607930413784	61.11765	1719.92502	30.0805876	68.69070599999999	121.527341	19.51522	0.0	-23.83196	91.87783110000001	-32.0351598	92.56044	560.414761	81.5158971	-197.873443
57.014232145770876	74.59909688920337	52.16751744610984	27.406023057285555	1.0	42.88607930413784	61.11765	1719.92502	30.0805876	68.69070599999999	121.527341	19.51522	0.0	-23.83196	91.87783110000001	-32.0351598	92.56044	549.3174389999999	82.33929	-195.9143
21.647845944282246	99.03926961562259	52.31191814687047	27.488132124484473	1.0	42.88607930413784	61.11765	1719.92502	30.0805876	68.69070599999999	121.527341	19.51522	0.0	-23.83196	91.87783110000001	-32.0351598	92.56044	549.3174389999999	83.16268290000001	-195.9143
15.781631949203605	109.6496809590968	52.36924528369554	27.518255583290586	1.0000000000000002	42.88607930413784	61.11765	1719.92502	30.0805876	68.69070599999999	121.527341	19.51522	0.0	-23.83196	91.87783110000001	-32.0351598	92.56044	549.3174389999999	83.16268290000001	-197.873443
37.29788015924578	88.54019792826792	52.25356207949806	27.45746799770376	0.9999999999999998	42.88607930413784	61.11765	1719.92502	30.0805876	68.69070599999999	121.527341	19.51522	0.0	-23.83196	91.87783110000001	-32.0351598	92.56044	549.3174389999999	83.16268290000001	-193.95515699999999
96.85824016499998	54.60049657654477	52.0210187739556	27.32272104245389	1.0000000000000002	42.88607930413784	61.11765	1719.92502	30.0805876	68.69070599999999	121.527341	19.51522	0.0	-23.83196	91.87783110000001	-32.0351598	92.56044	549.3174389999999	81.5158971	-195.9143
78.67754424500575	61.66736256411091	52.077683698469684	27.352482857233362	0.9999999999999998	42.88607930413784	61.11765	1719.92502	30.0805876	68.69070599999999	121.527341	19.51522	0.0	-23.83196	91.87783110000001	-32.0351598	92.56044	549.3174389999999	81.5158971	-197.873443
108.90130171527113	50.368694236514465	52.00181661343152	27.29921773251586	1.0	42.88607930413784	61.11765	1719.92502	30.0805876	68.69070599999999	121.527341	19.51522	0.0	-23.83196	91.87783110000001	-32.0351598	90.72756000000001	560.414761	83.16268290000001	-195.9143
90.66341936497867	56.08206741390377	52.05841184277351	27.32892833858783	1.0	42.88607930413784	61.11765	1719.92502	30.0805876	68.69070599999999	121.527341	19.51522	0.0	-23.83196	91.87783110000001	-32.0351598	90.72756000000001	560.414761	83.16268290000001	-197.873443
96.18505780398915	54.37982909385642	52.04476156735977	27.323710885819636	0.9999999999999998	42.88607930413784	61.11765	1719.92502	30.0805876	68.69070599999999	121.527341	19.51522	0.0	-23.83196	91.87783110000001	-32.0351598	90.72756000000001	549.3174389999999	83.16268290000001	-195.9143
78.02561286508629	61.440272168571475	52.101454410203964	27.35347485822568	1.0	42.88607930413784	61.11765	1719.92502	30.0805876	68.69070599999999	121.527341	19.51522	0.0	-23.83196	91.87783110000001	-32.0351598	90.72756000000001	549.3174389999999	83.16268290000001	-197.873443
48.45442884901613	139.15550349045822	52.24916633768023	27.55892020390299	1.0	42.88607930413784	61.11765	1719.92502	30.0805876	68.69070599999999	121.527341	19.51522	0.0	-23.36004	92.80589	-31.71798	91.644	554.8661	82.33929	-195.9143
58.69970352314096	145.34417769835704	52.26765394445686	27.572671630117195	0.9999999999999996	42.88607930413784	61.11765	1719.92502	30.0805876	68.69070599999999	121.527341	19.51522	0.0	-23.36004	93.7339489	-31.71798	91.644	554.8661	82.33929	-195.9143
174.6851544603915	191.5980098075467	52.39304047513027	27.658933555595915	0.9999999999999998	42.88607930413784	61.11765	1719.92502	30.0805876	68.69070599999999	121.527341	19.51522	0.0	-23.36004	93.7339489	-32.0351598	90.72756000000001	560.414761	81.5158971	-195.9143
155.82647058488223	180.13016549975933	52.33423115409359	27.62788738823757	1.0000000000000002	42.88607930413784	61.11765	1719.92502	30.0805876	68.69070599999999	121.527341	19.51522	0.0	-23.36004	93.7339489	-32.0351598	90.72756000000001	560.414761	81.5158971	-193.95515699999999
168.55363798060208	188.40281677031876	52.377920247310506	27.652921249162684	1.0	42.88607930413784	61.11765	1719.92502	30.0805876	68.69070599999999	121.527341	19.51522	0.0	-23.36004	93.7339489	-32.0351598	90.72756000000001	549.3174389999999	81.5158971	-193.95515699999999
85.65888600002796	90.14670092351825	52.085641638796616	27.453544595865797	1.0	42.88607930413784	61.11765	1719.92502	30.0805876	68.69070599999999	121.527341	19.51522	0.0	-23.36004	93.7339489	-31.4008002	92.56044	560.414761	83.16268290000001	-195.9143
68.14227284095429	100.10589228079122	52.14264890597316	27.483592253962687	0.9999999999999998	42.88607930413784	61.11765	1719.92502	30.0805876	68.69070599999999	121.527341	19.51522	0.0	-23.36004	93.7339489	-31.4008002	92.56044	560.414761	83.16268290000001	-197.873443
103.9532810086768	80.54829932053644	52.0276110207488	27.422957545185888	0.9999999999999998	42.88607930413784	61.11765	1719.92502	30.0805876	68.69070599999999	121.527341	19.51522	0.0	-23.36004	93.7339489	-31.4008002	92.56044	560.414761	83.16268290000001	-193.95515699999999
73.62238744121085	97.53957305795319	52.128879825874456	27.478293415941422	1.0	42.88607930413784	61.11765	1719.92502	30.0805876	68.69070599999999	121.527341	19.51522	0.0	-23.36004	93.7339489	-31.4008002	92.56044	549.3174389999999	83.16268290000001	-195.9143
56.632720192753204	107.79539807535016	52.18598590677294	27.508395302880192	0.9999999999999996	42.88607930413784	61.11765	1719.92502	30.0805876	68.69070599999999	121.527341	19.51522	0.0	-23.36004	93.7339489	-31.4008002	92.56044	549.3174389999999	83.16268290000001	-197.873443
91.63081830411716	87.51968197483458	52.07074873601749	27.447651223954683	0.9999999999999996	42.88607930413784	61.11765	1719.92502	30.0805876	68.69070599999999	121.527341	19.51522	0.0	-23.36004	93.7339489	-31.4008002	92.56044	549.3174389999999	83.16268290000001	-193.95515699999999
38.2360436464446	133.0894462025963	52.23031871653707	27.54490099229842	0.9999999999999996	42.88607930413784	61.11765	1719.92502	30.0805876	68.69070599999999	121.527341	19.51522	0.0	-23.36004	91.87783110000001	-31.71798	91.644	554.8661	82.33929	-195.9143
153.38103252807707	179.4997210783866	52.35552083684911	27.63102956878523	0.9999999999999996	42.88607930413784	61.11765	1719.92502	30.0805876	68.69070599999999	121.527341	19.51522	0.0	-23.36004	91.87783110000001	-32.0351598	90.72756000000001	560.414761	81.5158971	-195.9143
134.526953653489	168.11387432813498	52.296812851661635	27.60004597720386	0.9999999999999998	42.88607930413784	61.11765	1719.92502	30.0805876	68.69070599999999	121.527341	19.51522	0.0	-23.36004	91.87783110000001	-32.0351598	90.72756000000001	560.414761	81.5158971	-193.95515699999999
166.1221696162935	187.77101035854162	52.39924034483137	27.656073105600814	0.9999999999999996	42.88607930413784	61.11765	1719.92502	30.0805876	68.69070599999999	121.527341	19.51522	0.0	-23.36004	91.87783110000001	-32.0351598	90.72756000000001	549.3174389999999	81.5158971	-195.9143
147.25048227701134	176.3282611254415	52.34043014053615	27.625033355813596	0.9999999999999998	42.88607930413784	61.11765	1719.92502	30.0805876	68.69070599999999	121.527341	19.51522	0.0	-23.36004	91.87783110000001	-32.0351598	90.72756000000001	549.3174389999999	81.5158971	-193.95515699999999
107.2265188027203	79.76540098481219	52.04858236731163	27.425966956038522	0.9999999999999998	42.88607930413784	61.11765	1719.92502	30.0805876	68.69070599999999	121.527341	19.51522	0.0	-23.36004	91.87783110000001	-31.4008002	92.56044	560.414761	83.16268290000001	-195.9143
89.38384593037999	89.10643108804463	52.10549178667338	27.455954244527724	0.9999999999999998	42.88607930413784	61.11765	1719.92502	30.0805876	68.69070599999999	121.527341	19.51522	0.0	-23.36004	91.87783110000001	-31.4008002	92.56044	560.414761	83.16268290000001	-197.873443
94.96118978219586	86.70403043960587	52.09174978917518	27.450669991916204	1.0	42.88607930413784	61.11765	1719.92502	30.0805876	68.69070599999999	121.527341	19.51522	0.0	-23.36004	91.87783110000001	-31.4008002	92.56044	549.3174389999999	83.16268290000001	-195.9143
77.40719518138869	96.46918906860651	52.14875776532106	27.4807113544433	0.9999999999999996	42.88607930413784	61.11765	1719.92502	30.0805876	68.69070599999999	121.527341	19.51522	0.0	-23.36004	91.87783110000001	-31.4008002	92.56044	549.3174389999999	83.16268290000001	-197.873443
113.25017120640817	77.37826948736053	52.03371843601078	27.420089342747236	0.9999999999999998	42.88607930413784	61.11765	1719.92502	30.0805876	68.69070599999999	121.527341	19.51522	0.0	-23.36004	91.87783110000001	-31.4008002	92.56044	549.3174389999999	83.16268290000001	-193.95515699999999

15.919522846415596	103.89426755068376	52.366222440750036	27.49907471473799	1.0000000000000004	42.89607636904329	61.11765	1754.67098	30.0805876	68.69070599999999	121.527341	19.51522	0.0	-23.83196	91.87783110000001	-32.0351598	92.56044	549.3174389999999	83.16268290000001	-197.873443
