[descriptive data]
title	JP2023-183894 Example 1 (Sigma 50mm F1.4 DG DN A)
[constants]
[variable distances]
Focal Length	48.72	48.72
Angle of View	46.49	44.14
F-Number	1.45	1.52
Image Height	43.26	43.26
Total Length	127.18	127.18
Magnification	0	-0.05555
S	Infinity	1000
d0	Infinity	872.8250
d14	3.5500	6.7551
d16	16.8119	13.6068
Bf	19.3272	19.3272
[lens data]
1	75.1052	8.0761	1.92286	60.30	20.88	M-FDS1
2	-663.2678	3.2104		60.30	
3	-221.0442	1.3000	1.51742	51.86	52.15	E-CF6
4	28.0267	12.2601		38.41
5	-43.0741	1.2859	1.80518	37.64	25.46	FD60
6	150.8870	1.0283		40.56	
7	89.2900	7.4823	1.76450	41.12	49.10	L-LAH91
8	-55.1739	0.5621		41.12	
9	76.0950	10.9740	1.59282	42.16	68.62	FCD515
10	-36.3741	1.2000	1.69895	42.16	30.05	E-FD15
11	-419.5413	0.1500		42.16	
12	249.5104	5.3632	1.88300	42.16	40.80	TAFD30
13	-67.6164	2.3076		42.16	
14	AS	d14		35.127
15	89.3570	1.8779	1.59201	35.60	67.02	M-PCD51
16	26.4444	d16		31.86	
17	143.6922	10.0848	1.75500	31.62	52.32	S-LAH97
18	-21.2474	0.9000	1.85451	31.62	25.15	NBFD25
19	-220.4492	0.1500		31.62	
20	78.1343	5.6421	2.00100	32.96	29.13	TAFD55
21	-59.5828	0.1500		32.96	
22	202.6288	3.5861	1.94594	32.66	17.98	FDS18
23	-80.8939	1.0025	1.62004	32.66	36.30	S-TIM2
24	32.3684	6.7925		28.87
25	-35.5202	2.1000	1.68893	28.95	31.1	S-TIM28
26	-68.5557	Bf		33.10	
[aspherical data]
7	89.2900	-2.0205	-2.8022E-06	-1.9538E-09	3.3127E-11	-2.6429E-13	1.2732E-15	-3.5497E-18	5.3556E-21	-3.3225E-24
8	-55.1739	0.3182	1.1423E-06	-1.6319E-09	1.2848E-11	-8.0690E-14	3.8126E-16	-1.1181E-18	1.8667E-21	-1.2695E-24
15	89.3570	0	-3.0079E-05	1.9319E-07	-1.1120E-09	4.9002E-12	-1.6981E-14	4.4651E-17	-7.3729E-20	5.3157E-23
16	26.4444	0	-3.2846E-05	1.8693E-07	-9.2909E-10	2.5316E-12	-2.7979E-15			
26	-68.5557	0	1.0284E-05	6.2726E-09	-7.0515E-11	1.8284E-12	-1.6967E-14	7.8024E-17	-1.7394E-19	1.4654E-22
[figure]
source	Data/JP2023-183894_Figure01P.png
originX	69.04
originY	225.55
ppmm	6.610
[notes]
Bill: Measured Magnification.
