[descriptive data]
title	US 2020/0341250 Example 2
[constants]
[variable distances]
Focal Length	57.99	57.44	53.68
Angle of View	40.32	40.36	41.02
F-Number	1.70	1.70	1.70
Image Height	43.00	42.98	42.98
Magnification	0	-0.02458	-0.18705
d0	Infinity	2280	230
d9	2.78	5.10	19.30
d12	18.52	16.20	2.00
Bf	0	0	0
[lens data]
1	113.251	7.96	1.85025	70.8	30.05
2	2857.222	0.30		69.1	
3	88.128	1.40	1.49700	60.8	81.55
4	40.360	11.67		53.5	
5	-303.706	1.40	1.49700	53.1	81.55
6	72.428	23.63		49.4	
7	-56.611	1.30	1.59270	42.5	35.31
8	88.136	7.00	1.49700	42.8	81.55
9	-221.945	d9		43.0	
10	-168.295	1.40	1.71736	49.0	29.52
11	166.349	9.92	1.60300	51.6	65.44
12	-67.709	d12		53.1	
13	118.315	5.72	1.80810	57.8	22.76
14	1188.658	0.30		57.8	
15	48.403	10.72	1.80810	57.9	22.76
16	292.060	0.30		56.4	
17	46.426	10.99	1.59522	50.0	67.74
18	-234.648	1.40	1.80518	47.3	25.43
19	35.377	8.98		39.4	
20	AS	3.00		37.6	
21	227.613	1.20	1.85478	35.4	24.80
22	20.025	11.06	1.72916	32.1	54.68
23	271.259	4.00		31.2	
24	-52.299	1.20	1.56732	30.8	42.82
25	23.519	9.93	1.75700	31.0	47.82
26	-69.555	8.97		30.6	
27	-37.715	2.00	1.80835	29.9	40.55
28	-81.348	14.16		31.9	
29	66.353	8.79	1.80810	48.2	22.76
30	-164.708	26.00		48.2	
31	CG	3.00	1.51680	46.6	64.17
32	CG	1.00		46.6	
[aspherical data]
28	-81.348	-0.0679	4.88869E-06	4.81098E-09	4.83668E-12	-4.25370E-15	4.44018E-17
[figure]
source	Data/US20200341250_Figure09a.png
originX	199.40
originY	449.38
ppmm	4.552
[notes]
Bill: Patent diameters. Magnification measured. Increased CG diameter.
