[descriptive data]
title	US 2020/0341250 Example 1
[constants]
[variable distances]
Focal Length	57.99	57.44	53.71
Angle of View	40.32	40.36	41.04
F-Number	1.70	1.70	1.71
Image Height	43.00	43.00	42.98
Magnification	0	-0.02458	-0.18705
d0	Infinity	2280	230
d9	2.66	4.75	17.68
d12	17.02	14.92	2.00
Bf	0	0	0
[lens data]
1	115.495	7.84	1.85025	70.5	30.05
2	4082.497	0.30		68.8	
3	98.124	1.40	1.49700	61.2	81.55
4	43.105	10.91		54.2	
5	-366.637	1.40	1.49700	53.8	81.55
6	66.495	26.30		49.8	
7	-55.393	1.30	1.59270	42.3	35.31
8	122.653	7.00	1.49700	42.7	81.55
9	-212.834	d9		43.0	
10	-195.021	1.40	1.78472	49.5	25.68
11	205.080	9.65	1.61800	51.7	63.33
12	-66.268	d12		53.1	
13	128.319	5.27	1.80810	57.5	22.76
14	886.070	0.30		57.5	
15	47.577	11.00	1.80810	57.8	22.76
16	330.282	0.30		56.2	
17	45.429	11.11	1.59522	49.5	67.74
18	-209.692	1.40	1.80518	46.6	25.43
19	35.638	8.74		38.8	
20	AS	4.18		36.8	
21	2304.090	1.20	1.85478	34.2	24.80
22	19.436	11.35	1.72916	31.1	54.68
23	-1472.152	4.00		30.5	
24	-46.214	1.20	1.61340	30.0	44.27
25	23.874	10.12	1.78590	30.7	44.20
26	-57.399	7.85		30.5	
27	-38.610	2.00	1.80835	30.6	40.55
28	-81.197	14.21		32.5	
29	64.476	8.60	1.80810	48.3	22.76
30	-205.186	26.00		48.3	
31	CG	3.00	1.51680	46.6	64.17
32	CG	1.00		46.6	
[aspherical data]
28	-81.197	0.0415	4.36743E-06	3.48768E-09	1.16694E-11	-3.46071E-14	8.79343E-17
[figure]
source	Data/US20200341250_Figure01a.png
originX	195.88
originY	436.97
ppmm	4.552
[notes]
Bill: Patent diameters. Magnification measured. Increased CG diameter.
