[descriptive data]
title	JP2020-012952 Example 1
[constants]
[variable distances]
Focal Length	41.20	undefined
Angle of View	55.87	undefined
F-Number	1.45	undefined
Image Height	43.26	43.26
Total Length	171.00	171.00
Magnification	0	-0.164
S	Infinity	393
d0	Infinity	222.499
d14	8.7665	2.6030
d19	7.3907	6.3421
Bf	39.0002	46.2123
[lens data]
1	111.7037	5.5478	1.77250	69.87	49.62   TAF1
2	514.0093	0.1500		69.87
3	191.8963	1.5000	1.43700	65.47	95.10   FCD100
4	30.2492	12.0599		49.00	
5	423.9805	1.5000	1.43700	51.84	95.10   FCD100
6	50.8216	13.2984		45.90
7	-38.1791	1.5000	1.64769	45.90	33.84   E-FD2
8	172.5440	9.3857	1.83481	53.69	42.72   TAFD5F
9	-56.3040	0.1500		53.69
10	-1641.6822	12.4672	1.55032	51.59	75.50   FCD705
11	-32.7021	1.5000	1.60342	51.59	38.01   E-F5
12	246.8799	0.1500		52.48
13	83.2754	5.8820	1.77250	51.07	49.62   TAF1
14	-377.0503	d14		51.07
15	90.4416	5.3037	1.92286	51.07	20.88   E-FDS1
16	-527.4885	0.1500		51.07
17	55.6364	11.8660	1.59282	46.89	68.63   FCD515
18	-44.6058	2.4820	1.58144	46.89	40.89   E-FL5
19	39.3845	d19		36.50
20	AS	1.5000		33.213
21	84.0231	6.8887	1.43700	34.22	95.10   FCD100
22	-32.2020	1.5000	1.64769	34.22	33.84   E-FD2
23	66.2242	7.8613		29.25
24	-26.9856	1.5000	1.62588	29.25	35.74   E-F1
25	-121.0290	0.1500		32.74
26	64.6922	6.7685	1.59282	34.35	68.63   FCD515
27	-40.8255	0.1500		34.35
28	-430.0370	4.6315	1.85135	34.08	40.10   M-TAFD305
29	-54.9865	Bf		34.08
[aspherical data]
28	-430.0370	0	-2.73662E-06	3.07519E-09	3.90515E-11	-1.94154E-14
29	-54.9865	0	3.26804E-06	3.98767E-09	3.58258E-11	
[figure]
source	Data/JP2020-012952_Figure01.png
originX	72
originY	391
ppmm	6.033
[notes]
Bill: Related to Sigma 40mm Art
