[descriptive data]
title	US 3,874,771 Example 4
[constants]
Scaled	50	1
[variable distances]
Focal Length	50
F-Number	1.4
Total Length	0.824133
Image Height	43.2
Magnification	0
d0	Infinity
Bf	34.836
[lens data]
1	51.8965	4.90470	1.71700	40.00	47.99
2	521.2100	0.51860		40.00	
3	21.8700	5.39730	1.78810	31.96	47.37
4	37.2305	1.34245		31.96
5	53.7485	1.24460	1.68893	29.65	31.17
6	15.7335	6.80555		24.67
6AS	AS	6.80555		24.456
7	-17.7050	1.32780	1.72830	24.31	28.68
8	1224.6050	5.07535	1.78831	28.92	47.37
9	-29.3940	0.16245		28.92
10	-138.8125	4.50000	1.78831	30.10	47.37
11	-30.6590	0.41290		30.10
12	175.4255	2.70940	1.74400	33.78	44.77
13	-201.6775	Bf		33.36	
[figure]
source	Data/US003874771_Figure01.png
originX	219.30
originY	331.16
ppmm	14.411
[notes]
