[descriptive data]
title	Noct Nikkor
[constants]
[variable distances]
Focal Length	58.0
Angle of View	40.9
F-Number	1.2
Image Height	43.28
Total Length	95.674
Bf	37.78
[lens data]
1	80.344	7.042	1.90265	50.4875	35.699	E-LASFH9
2	0	0.189		50.4875			
3	33.61	9.715	1.7432	44.832	49.313	E-LAF010
4	69.686	1.476		44.832		
5	129.534	3.02	1.72825	42.169	28.459	E-SF10	
6	22.55	8.47		32.128
7	AS	7.9		31.227
8	-23.365	1.71	1.84666	31.45	23.776	E-SF03
9	311.537	8.141	1.883	40.2	40.764	E-LASF08
10	-38.532	0.074		40.2		
11	-483.703	6.009	1.883	39.5	40.764	E-LASF08	
12	-55.749	0.1		39.5
13	200.86	3.894	1.816	38.275	46.623	E-LASF09
14	-106.579	37.78		38.275
[aspherical data]
1	80.344	0	0	0	0	0
[figure]
[notes]
24.677417926428955	57.99113525147889	37.77299281169799	1.2000000000000002	20.218142439780898	51.784538421968996	(E-LASFH9,1.90265,35.699)	(E-LAF010,1.7432,49.313)	(E-SF10,1.72825,28.459)	(E-SF03,1.84666,23.776)	(E-LASF08,1.883,40.764)	(E-LASF08,1.883,40.764)	(E-LASF09,1.816,46.623)
