[descriptive data]
title	JP 2015-114366 Example 3
[constants]
[variable distances]
Focal Length	46.93	45.97
Angle of View	49.57	46.01
F-Number	1.46	1.69
Image Height	43.26	43.26
Total Length	142	142
Magnification	0	-0.1675
d0	Infinity	258
d9	9.1175	1.2000
Bf	38.7998	46.7173
[lens data]
1	69.3268	5.7689	1.91082	63.88	35.25
2	150.8995	0.4000		59.96	
3	111.8401	2.0000	1.51742	59.96	52.15
4	27.5900	19.1543		46.12	
5	-56.3775	10.7794	1.49700	43.51	81.61
6	-25.5196	1.4000	1.58144	46.61	40.89
7	47.7869	10.9813	1.88300	46.98	40.81
8	-72.9205	0.0000		46.98	
9	FS	d9		42.29
10	52.0348	4.7594	2.00100	43.22	29.13
11	353.4283	0.1500		43.22	
12	67.3442	7.6358	1.59282	40.16	68.62
13	-56.4856	0.9500	1.72825	40.16	28.32
14	35.4963	5.4034		32.82	
15	AS	5.5130		30.030
16	-31.4067	0.9000	1.58144	31.96	40.89
17	93.2099	4.9486	1.59282	33.32	68.62
18	-67.8887	0.1500		33.32	
19	-212.6632	4.4855	1.59282	33.16	68.62
20	-37.9803	0.9000	1.51742	33.16	52.15
21	424.1691	0.7700		33.16	
22	143.2209	7.0329	1.77250	34.70	49.47
23	-42.7183	Bf		34.70	
[aspherical data]
22	143.2209	0	-2.1521E-06	1.1682E-09	-3.35193E-12	3.62418E-15
23	-42.7183	0	2.13955E-06	-7.09088E-10	7.1599E-13	
[figure]
source	Data/JP2015-114366_Figure11.png
originX	43
originY	485
ppmm	8.822
[notes]
Bill: CLD Magnification is computed.
