[descriptive data]
title	JP 2015-114366 Example 6
[constants]
[variable distances]
Focal Length	48.50	47.22
Angle of View	47.62	44.39
F-Number	1.46	1.67
Image Height	43.26	43.26
Total Length	141.29	141.29
Magnification	0	-0.1721
d0	Infinity	258
d10	10.2359	1.2000
d15	6.1802	6.8588
Bf	38.8002	47.1575
[lens data]
1	60.8145	9.7817	2.00100	64.52	29.13
2	961.2391	0.4514		64.52	
3	1040.2761	2.0000	1.70154	60.78	41.15
4	28.6634	15.9911		43.07
5	-40.7492	1.5000	1.84666	43.07	23.78
6	-565.0365	3.8873		47.62	
7	-61.9388	5.5803	1.88100	45.42	40.14
8	-40.5080	0.1500		49.16	
9	52.2341	9.0758	1.59282	47.98	68.62
10	-149.8277	d10		47.98	
11	52.0046	5.7073	2.00100	43.02	29.13
12	-3629.6800	0.1500		43.02	
13	269.7091	4.8326	1.49700	41.32	81.61
14	-69.2869	1.0000	1.64769	41.32	33.84
15	43.0996	d15		33.46	
16	AS	5.2887		31.037
17	-35.8562	1.0000	1.58144	31.92	40.89
18	54.8872	3.9938	1.59282	33.80	68.62
19	-1000.0000	0.1500		33.80	
20	1000.0000	6.8905	1.59282	34.14	68.62
21	-25.3861	1.0000	1.58144	34.14	40.89
22	-349.2909	0.1500		34.14	
23	168.8265	7.4914	1.77250	35.18	49.47
24	-42.9103	Bf		35.18	
[aspherical data]
23	168.8265	0	-1.01132E-06	-5.37917E-09	2.98408E-11	
24	-42.9103	0	4.20558E-06	-6.54219E-09	3.1208E-11	-6.26392E-16
[figure]
source	Data/JP2015-114366_Figure26.png
originX	50
originY	481
ppmm	8.812
[notes]
Bill: CLD Magnification is computed.
