[descriptive data]
title	JP 2015-114366 Example 4
[constants]
[variable distances]
Focal Length	48.50	47.65
Angle of View	48.25	44.39
F-Number	1.46	1.67
Image Height	43.26	43.26
Total Length	140.13	140.13
Magnification	0	-0.1736
d0	Infinity	258
d8	10.5828	1.2000
d13	5.6275	6.7324
Bf	38.7999	47.0779
[lens data]
1	60.7903	8.8428	2.00100	63.52	29.13
2	300.3415	1.9380		59.94	
3	-2651.9755	2.0000	1.64769	59.94	33.84
4	29.0684	13.3974		44.17
5	-81.9097	1.5000	1.62588	43.72	35.74
6	88.6016	9.0900		46.28	
7	73.2400	9.0246	1.80420	48.16	46.50
8	-83.4926	d8		48.16	
9	47.5968	6.3990	1.95375	42.36	32.32
10	-516.1485	0.1981		42.36	
11	754.2127	4.5821	1.49700	40.66	81.61
12	-64.2559	1.9846	1.80518	40.66	25.46
13	52.7297	d13		34.86	
14	AS	4.6336		31.789
15	-46.9274	1.0000	1.58144	31.60	40.89
16	62.9033	4.2357	1.59282	34.00	68.62
17	-229.6247	0.1500		34.00	
18	986.1933	6.8302	1.59282	34.16	68.62
19	-26.7075	1.0000	1.51742	34.16	52.15
20	92.4851	0.5450		34.16	
21	77.1764	7.7735	1.77250	34.68	49.47
22	-52.7466	Bf		32.46	
[aspherical data]
21	77.1764	0	-1.05814E-06	-3.3454E-09	2.15521E-11	
22	-52.7466	0	4.04323E-06	-5.46959E-09	2.71991E-11	-2.00988E-15
[figure]
source	Data/JP2015-114366_Figure16.png
originX	61
originY	473
ppmm	8.810
[notes]
Bill: CLD Magnification is computed.
