[descriptive data]
title	JP 2015-114366 Example 7
[constants]
[variable distances]
Focal Length	48.50	47.20
Angle of View	47.67	44.48
F-Number	1.46	1.67
Image Height	43.26	43.26
Total Length	142	142
Magnification	0	-0.1724
d0	Infinity	258
d9	9.8338	1.2000
d13	5.6952	5.9008
Bf	38.7998	47.2280
[lens data]
1	61.5553	9.1056	2.00100	63.84	29.13
2	416.8509	1.2069		63.84	
3	2077.2771	2.0000	1.64769	60.42	33.84
4	26.5881	14.7728		43.27
5	-66.4944	10.0841	1.49700	43.27	81.61
6	-26.1053	1.5000	1.60342	45.20	38.01
7	266.0512	1.5163		46.26	
8	80.2575	9.4664	1.80420	47.80	46.50
9	-65.4401	d9		47.80	
10	54.7291	6.3242	2.00100	42.34	29.13
11	-190.2656	4.9430	1.59282	42.34	68.62
12	-43.4725	1.0517	1.64769	42.34	33.84
13	50.6721	d13		33.46	
14	AS	4.4632		31.037
15	-46.6787	1.0000	1.67270	32.26	32.17
16	114.7391	4.7250	1.43700	33.28	95.10
17	-56.3927	1.0346		33.28	
18	-41.7538	1.0000	1.58144	33.80	40.89
19	37.9020	6.7490	1.72916	34.48	54.67
20	-75.5083	0.1500		34.48	
21	1000.0000	6.5783	1.77250	35.00	49.47
22	-46.9507	Bf		35.00	
[aspherical data]
21	1000.0000	0	-1.59572E-06	-4.50908E-09	3.83392E-11	
22	-46.9507	0	3.90584E-06	-5.65822E-09	3.86862E-11	7.01344E-15
[figure]
source	Data/JP2015-114366_Figure31.png
originX	48
originY	483
ppmm	8.835
[notes]
Bill: CLD Magnification is computed.
