[descriptive data]
title	JP 2015-114366 Example 8
[constants]
[variable distances]
Focal Length	47.17	46.51
Angle of View	49.24	45.33
F-Number	1.46	1.69
Image Height	43.26	43.26
Total Length	142	142
Magnification	0	-0.1709
d0	Infinity	258
d9	8.2225	1.2000
d14	8.2436	6.6132
Bf	38.8001	47.4530
[lens data]
1	68.6980	5.5111	1.95375	63.22	32.32
2	140.4190	0.4000		57.90	
3	90.0805	2.0000	1.59551	58.30	39.22
4	28.0310	17.4906		45.35
5	-57.6273	11.4150	1.59282	45.20	68.62
6	-24.7074	1.4000	1.62588	46.24	35.74
7	43.6599	10.7365	1.88300	46.56	40.81
8	-95.6712	0.0000		46.56	
9	FS	d9		43.18
10	57.2684	4.4674	1.92286	45.20	20.88
11	247.3667	0.1500		45.20	
12	39.3575	7.5133	1.72916	41.92	54.67
13	-842.9948	0.9500	1.64769	41.92	33.84
14	27.3663	d14		32.36	
15	AS	5.3318		31.035	
16	-32.3508	0.9000	1.64769	31.54	33.84
17	41.2236	5.0135	1.59282	32.78	68.62
18	-469.6114	0.1500		32.78	
19	186.8195	6.9513	1.59282	33.60	68.62
20	-27.7493	0.9000	1.58144	33.60	40.89
21	-106.1094	0.1500		33.60	
22	338.5122	5.3034	1.77250	34.82	49.47
23	-44.4036	Bf		34.82	
[aspherical data]
22	338.5122	0	-2.0247E-06	7.061E-12	-4.9628E-13	2.3471E-15
23	-44.4036	0	2.1592E-06	-9.7566E-10	1.5118E-12	
[figure]
source	Data/JP2015-114366_Figure36.png
originX	50
originY	478
ppmm	8.742
[notes]
Bill: CLD Magnification is computed.
