[descriptive data]
title	JP 2015-114366 Example 2
[constants]
[variable distances]
Focal Length	47.24	46.37
Angle of View	49.17	45.50
F-Number	1.46	1.69
Image Height	43.26	43.26
Total Length	142	142
Magnification	0	-0.1704
d0	Infinity	258
d9	8.4672	1.2000
d14	7.0173	5.8935
Bf	38.8001	47.1911
[lens data]
1	67.5814	5.3292	1.95375	63.46	32.32
2	130.0875	0.4000		59.82	
3	94.5475	2.0000	1.58144	59.18	40.89
4	27.9000	18.2013		46.60	
5	-59.3951	10.9270	1.55332	42.71	71.68
6	-25.1731	1.4000	1.60342	45.90	38.01
7	44.6540	10.8848	1.88300	47.66	40.81
8	-85.7707	0.0000		47.66	
9	FS	d9		32.53
10	52.6706	4.6589	1.92286	45.74	20.88
11	216.9523	0.1500		45.74	
12	47.4352	8.1142	1.72916	42.34	54.67
13	-94.6784	0.9500	1.72825	42.34	28.32
14	31.2801	d14		33.80	
15	AS	5.5017		30.039
16	-31.0428	0.9000	1.64769	32.10	33.84
17	49.6877	5.6695	1.59282	34.02	68.62
18	-84.4975	0.1500		34.02	
19	-549.5685	4.9878	1.59282	34.44	68.62
20	-36.1297	0.9000	1.51742	34.44	52.15
21	-386.2514	0.3595		34.44	
22	180.2764	6.2315	1.77250	35.50	49.47
23	-44.1428	Bf		35.50	
[aspherical data]
22	180.2764	0	-1.99497E-06	8.32607E-10	-5.1143E-12	3.33468E-15
23	-44.1428	0	2.23091E-06	-6.25203E-10	-1.61803E-12	
[figure]
source	Data/JP2015-114366_Figure06.png
originX	63
originY	488
ppmm	8.737
[notes]
Bill: CLD Magnification is computed.
