[descriptive data]
title	JP 2015-114366 Example 1 (Sigma 50mm F1.4 DG HSM Art)
[constants]
[variable distances]
Focal Length	49.58	48.35
Angle of View	47.19	43.47
F-Number	1.46	1.67
Image Height	43.26	43.26
Total Length	142	142
Magnification	0	-0.1779
d0	Infinity	258
d9	9.9796	1.2000
d14	6.0186	5.8989
Bf	38.7999	47.6991
[lens data]
1	59.9687	7.5464	1.91082	62.44	35.25
2	178.4018	0.6242		62.44	
3	192.0154	2.0000	1.62588	60.04	35.74
4	28.7552	16.1562		45.88	
5	-67.9622	10.7338	1.49700	46.56	81.61
6	-26.2761	1.5000	1.54814	46.56	45.82
7	43.9346	10.7524	1.88300	46.56	40.81
8	-94.4447	0.0000		46.56	
9	FS	d9		43.88
10	49.8944	3.9121	1.92286	42.12	20.88
11	108.4891	0.1500		42.12	
12	47.6761	8.0538	1.72916	39.74	54.67
13	-69.2432	0.9500	1.72825	39.74	28.32
14	31.4317	d14		31.88	
15	AS	4.6436		29.944
16	-31.6556	0.9500	1.62588	31.20	35.74
17	71.6171	4.6610	1.59282	33.76	68.62
18	-96.5972	0.1500		33.76	
19	85.5221	6.6571	1.59282	34.10	68.62
20	-40.3262	0.9500	1.51742	34.10	52.15
21	57.5543	0.9291		34.10	
22	77.4702	5.8822	1.77250	34.10	49.47
23	-47.5092	Bf		34.10	
[aspherical data]
22	77.4702	0	-9.93095E-07	1.24366E-09	-7.51084E-13	
23	-47.5092	0	3.17495E-06	-1.01711E-10	2.00250E-12	-1.26705E-15
[figure]
source	Data/JP2015-114366_Figure01.png
originX	62
originY	490.5
ppmm	8.875
[notes]
Bill: CLD Magnification is computed.
