[descriptive data]
title	US 2022/0066176 Example 1 (Leica APO-Summicron-M 35mm f/2 Asph)
[constants]
Scaled	35	1
[variable distances]
Focal Length	35
Angle of View	62.2
F-Number	2
Image Height	43.2
Magnification	0
d0	Infinity
Bf(p)	12.60
Bf	14.62
[lens data]
1	54.110	5.95	1.855	24.36	40
2	-21.980	1.05	1.658	23.36	39
3	25.970	3.50		17.55
4	-27.650	2.10	1.658	16.38	39
5	22.680	4.55	1.888	18.06	41
6	-37.835	1.40		18.06
7	AS	1.40		17.618
8	182.315	6.65	1.498	17.55	81
9	-30.660	1.05	1.658	17.55	39
10	22.435	5.25	1.498	18.53	81
11	-28.315	0.35		18.94
12	28.070	7.70	1.855	23.37	40
13	-21.560	1.05	1.658	23.37	39
14	22.855	6.65		22.30
15	-52.150	1.05	1.583	23.28	59
16	-235.970	Bf		24.26
[aspherical data]
1	54.110	0	-1.7181E-05	-3.4775E-08	-3.0283E-11
12	28.070	0	-1.4151E-06	-3.2795E-09	-8.0233E-11
15	-52.150	0	-1.2685E-04	7.4635E-07	-6.9596E-10	-2.556E-12
16	-235.970	0	-9.638E-05	8.0861E-07	-1.4075E-09
[aspherical data(p)]
1	54.110	0	3.659E-10	-3.466E-08	3.736E-22		
12	28.070	0	2.591E-11	-9.978E-09	7.401E-22		
15	-52.150	0	2.190E-09	6.804E-07	1.411E-20	2.156E-13	8.078E-33
16	-235.970	0	1.557E-09	6.979E-07	1.679E-20		
[figure]
source	Data/US20220066176_Figure01P.png
originX	116.29
originY	459.46
ppmm	17.986
[notes]
Bill: NG Asphericals especially a15 and a16 but maybe also a1
Wavechase X: Not quite
Bf	14.42
aspherical data
1	54.1100000000071	0	-1.75264528501E-05	-2.672777990798E-08	-9.066176575859E-11	1.807190797672E-13
12	28.0700000000091	0	-5.441764500439E-07	-1.585590190831E-08	5.712017414496E-13	-3.124010489634E-13
15	-52.1499999999895	0	-0.0001289660519091	1.144257081606E-06	-6.974262772969E-09	4.588734665066E-11
16	-235.970000000068	0	-8.612617123564E-05	7.980183648107E-07	-1.362034727624E-09	-2.98638611295E-13
lyou1: Yes!
aspherical data
1	54.110	0	-1.7181E-05	-3.4775E-08	-3.0283E-11	0
12	28.070	0	-1.4151E-06	-3.2795E-09	-8.0233E-11	0
15	-52.150	0	-1.2685E-04	7.4635E-07	-6.9596E-10	-2.556E-12
16	-235.970	0	-9.638E-05	8.0861E-07	-1.4075E-09	0
