[descriptive data]						
title	Zeiss Otus 55mm f1.4
[constants]
[variable distances]						
Focal Length	55.00					
Angle of View	43.7					
F-Number	1.43857					
Image Height	43.2					
Total Length	95.29638					
S	Infinity					
Magnification	0					
d0	Infinity					
Bf	36.665		
[lens data]				
1	225.36466834503	2.1033312091354	1.48749	56	70.23	S-FSL5
2	45.736909912913	16.816476607346		48		
3	-43.4839710998151	2.162275148848	1.6134	48	44.27	S-NBM51
4	160.511398683478	2.4078320111969		56		
5	208.941209674516	11.386852109962	1.618	56	63.33	S-PHM52
6	-54.306190349513	0		56		
7	61.5685548331634	9.97359385999999	1.43875	57	94.93	S-FPL53
8	-272.694326590584	9.23642559062		57		
9	112.954001341021	4.392370735944	2.001	54.5	29.14	S-LAH99
10	3740.84709952516	0		54.5		
11	33.9171015242564	14.4865453457114	1.59522	48	67.74	S-FPM2	
12	-122.898138652455	2.2092009079593	1.65412	46	39.68	S-NBH5
13	23.78728047	8.31695997266627		34
14	AS	2.992078158		32.0159		
15	-148.328915311997	1.434202797068	1.738	31.4	32.33	S-NBH53V
16	24.1902218579498	6.98151570199999	1.874	31.0	35.26	S-LAH75
17	374.552470798813	4.488117237		31.0	
18	-28.3396604218354	1.37780112643031	1.673	29.04	38.26	S-NBH52V
19	140.452377398	0.91757063512		30.9181		
20	67.7398806672967	5.0262923616856	1.497	32.00	81.54	S-FPL51
21	-54.6681021516486	0.31583379676462		32.00
22	127.953325269898	5.87378254218892	1.58304	32.00	59.38	L-BAL42
23	-33.15760489	36.66500040938		32.00		
24	CG	2.0000	1.51633	44.00	64.14	S-BSL7		
25	CG	0.4001		44.00			
[aspherical data]								
22	127.953325269898	0	-6.06936532178685E-06	4.5567704355776E-09	-3.19548147113261E-11	4.29902435086771E-14	-0.000000000000000005
23	-33.15760489	0	3.39691207913842E-06	1.4343503783496E-09	-1.27723154320818E-11	1.37648185236955E-14	-0.000000000000000001
[figure]								
[notes]
