[descriptive data]
title	WO 2017/138250 Example 5
[constants]
[variable distances]
Focal Length	50.30	undefined	undefined
Angle of View	46.06	undefined	undefined
F-Number	1.45	undefined	1.54
Image Height	43.26	43.26	43.26
Total Length	undefined	undefined	undefined
Magnification(p)	0	-0.03	-0.15
Magnification	0	-0.03270	-0.1513
d0	Infinity	1537.61	331.37
d11	2.515	4.587	12.515
d15	12.000	9.928	2.000
d22	15.506	15.506	15.506
Bf	15.506	15.506	15.506
Aperture Diameter	39.220	39.220	39.220
[lens data]
1	9999.000	3.870	1.72341	45.25	37.9
2	-120.556	2.000		45.25
3	142.653	3.724	1.85134	38.17	40.1
4	-172.760	1.800	1.51679	38.17	64.1
5	29.115	13.770		33.19
6	-81.778	2.958	1.71735	34.82	29.5
7	52.630	8.616	1.72916	41.06	54.6
8	-63.028	0.600		41.06
9	AS	3.011		39.220
10	81.349	8.851	1.59282	43.42	68.6
11	-53.235	d11		43.42
12	-230.455	1.800	2.00070	38.97	26.9
13	44.039	7.563		35.39
14	105.184	3.329	2.10419	39.95	17.0
15	-248.290	d15		39.95
16	123.240	4.901	1.80419	37.69	46.5
17	-64.073	0.500		37.69
18	57.294	11.130	1.80419	37.02	46.5
19	-36.568	1.932	1.80518	37.02	25.4
20	32.652	10.020		30.59
21	-37.722	1.800	1.58312	31.10	59.3
22	-93.289	d22		34.26	
[aspherical data]
3	142.653	0	-4.2293E-06	-9.4507E-10	-3.2900E-14	3.4400E-16
22	-93.289	0	6.8373E-06	4.0194E-09	1.3683E-11	5.2980E-15
[figure]
source	Data/WO2017-138250_Figure05.png
originX	95
originY	531
ppmm	12.028
[notes]
Bill: CLD d0 computed and refined magnification.
