[descriptive data]
title	WO 2017/138250 Example 1
[constants]
[variable distances]
Focal Length	51.53	undefined	undefined
Angle of View	45.42	undefined	undefined
F-Number	1.45	undefined	1.60
Image Height	43.26	43.26	43.26
Total Length	undefined	undefined	undefined
Magnification(p)	0	-0.03	-0.16
Magnification	0	-0.03248	-0.1567
d0	Infinity	1585.46	327.54
d11	2.000	3.828	11.133
d15	11.133	9.305	2.000
d22	15.506	15.506	15.506
Bf	15.506	15.506	15.506
[lens data]
1	9999.000	3.822	1.72341	46.72	37.9
2	-122.590	3.253		46.72	
3	138.127	4.774	1.85134	38.02	40.1
4	-85.878	1.800	1.51679	38.02	64.1
5	28.126	7.823		32.56	
6	-69.703	6.000	1.71735	32.56	29.5
7	38.956	9.863	1.72916	40.06	54.6
8	-63.032	3.929		40.06	
9	AS	1.000		39.319
10	76.306	8.926	1.59282	42.80	68.6
11	-50.948	d11		42.80	
12	-151.852	1.800	1.80438	38.70	42.1
13	40.087	10.280		35.46	
14	124.632	3.529	1.84666	38.86	23.7
15	-149.575	d15		38.86	
16	128.437	4.927	1.80419	36.14	46.5
17	-62.243	0.731		36.14	
18	82.090	12.000	1.80419	35.46	46.5
19	-37.584	2.500	1.80518	35.46	25.4
20	42.697	9.206		30.84	
21	-40.645	1.800	1.58312	31.36	59.3
22	-119.367	d22		34.26	
[aspherical data]
3	138.127	0	-4.6699E-06	-1.5185E-09	9.3010E-13	-3.6800E-16
22	-119.370	0	6.4640E-06	-8.1406E-10	2.0615E-11	-1.7873E-14
[figure]
source	Data/WO2017-138250_Figure01.png
originX	91
originY	548
ppmm	12.021
[notes]
Bill: CLD d0 computed and refined magnification.
