[descriptive data]
title	JP2019-008031 Example 1 (Nikon Nikkor Z 14-30mm f/4 S)
[constants]
[variable distances]
Focal Length	14.420	20.000	29.101
Angle of View	115.36	93.70	70.54
F-Number	4.00	4.00	4.00
Image Height	43.4	43.4	43.4
Total Length	126.464	116.239	114.999
Magnification	0	0	0
d0	Infinity	Infinity	Infinity
d8	28.616	12.942	2.214
d14	7.483	6.371	3.521
d21	1.579	2.261	2.007
d23	5.766	6.196	9.300
Bf	21.360	26.809	36.297
Aperture Diameter	11.267	12.871	16.172
[lens data]
1	190.7535	3.00	1.69370	58.57	53.32	Q-LAK53S
2	18.8098	9.50		44.97
3	51.5630	2.90	1.69370	38.41	53.32	Q-LAK53S
4	22.7020	9.70		28.95
5	-71.0651	1.90	1.49782	30.10	82.57	J-FKH1
6	44.4835	0.10		30.10
7	32.6080	4.50	1.90265	30.10	35.73	J-LASFH9A
8	296.5863	d8		30.10
9	63.0604	2.00	1.59349	18.08	67.00	J-PSKH4
10	499.8755	0.10		18.08
11	24.0057	1.20	1.88300	19.21	40.66	J-LASF08A
12	13.3470	4.50	1.56883	17.08	56.00	J-BAK4
13	333.9818	2.50		17.08
14	AS	d14		11.267
15	36.3784	1.10	1.81600	17.18	46.59	J-LASF09A
16	14.0097	4.71	1.51612	16.84	64.08	J-BK7A
17	61.0448	0.20		16.84
18	27.9719	3.15	1.49782	17.10	82.57	J-FKH1
19	-75.3921	0.25		17.10
20	91.9654	3.05	1.49782	17.83	82.57	J-FKH1
21	-29.3923	d21		17.83
22	72.0930	1.00	1.79500	18.13	45.31	J-LASF017
23	20.9929	d23		18.13
24	-538.2301	4.80	1.49782	21.87	82.57	J-FKH1
25	-20.1257	0.10		21.87
26	-38.9341	1.40	1.76546	22.12	46.75	Q-LASFPH2S
27	154.8320	Bf		23.63
[aspherical data]
2	18.8098	-1	-1.33157E-05	-3.07345E-08	6.91260E-11	-3.76684E-14	
4	22.7020	-1	3.67009E-05	1.37031E-07	-5.20756E-10	3.14884E-12	-5.61530E-15
17	61.0448	0	1.75905E-05	-6.64635E-08	2.26551E-10	-4.40763E-12	
26	-38.9341	-1	-2.67902E-05	-3.34364E-08	-1.13765E-10	-1.88017E-13	
[figure]
source	Data/JP2019-008031_Figure01P.png
originX	8
originY	136.5
ppmm	3.046
[notes]
Bill:
