[descriptive data]
title	Noct Nikkor
[constants]
[variable distances]
Focal Length	58.00
Angle of View	40.9
F-Number	1.2
Image Height	43.28
Total Length	95.674
Bf	37.5
[lens data]
1	80.166	7.042	1.83481	50.4875	42.723	E-LASF05
2	0	0.189		50.4875			
3	33.674	9.715	1.816	44.832	46.623	E-LASF09
4	69.936	1.476		44.832		
5	132.0195	3.02	1.7552	42.169	27.51	E-SF4	
6	22.46	8.47		32.12841
7	AS	7.9		31.227
8	-23.195	1.71	1.71737	31.445	29.522	E-SF1
9	309.045	8.141	1.755	40.2	52.314	E-LASKH2
10	-38.0435	0.074		40.2		
11	-440.322	6.009	1.834	39.5	37.161	E-LASF010	
12	-54.1584	0.1		39.5
13	212.35	3.894	1.795	38.275	45.289	E-LASF017
14	-100.33	37.78		38.275
[aspherical data]
1	80.344	0	0	0	0	0
[figure]
[notes]
57.9937534430754	37.77716759916056	1.1999999999999997	20.21658584391484	51.80655317013602	1.0	1.83481	1.816	1.7552	1.71736	1.755	1.834	1.795
3545	52.80507617717619	80.1949497735423	57.99178288034483	37.778895312916475	1.2000000000000008	20.21288756742835	51.75099404867758	(E-LASF05,1.83481,42.723)	(E-LASF09,1.816,46.623)	(E-SF4,1.7552,27.51)	(E-SF1,1.71736,29.522)	(E-LAK011,1.741,52.673)	(E-LASFH9,1.90265,35.699)	(E-LAK011,1.741,52.673)	
3546	40.30443577707162	84.71747518055795	57.9937534430754	37.77716759916056	1.1999999999999997	20.21658584391484	51.80655317013602	
(E-LASF05,1.83481,42.723)	
(E-LASF09,1.816,46.623)	
(E-SF4,1.7552,27.51)	
(E-SF1,1.71736,29.522)	
(E-LASKH2,1.755,52.314)	
(E-LASF010,1.834,37.161)	
(E-LASF017,1.795,45.289)	