[descriptive data]
title	JP 2019-197125 Example 6
[constants]
[variable distances]
Focal Length	35.99	undefined
Angle of View	64.62	64.60
F-Number	1.26	1.26
Image Height	43.26	43.26
Total Length	140.00	140.00
Magnification	0	-0.02239
S	Infinity	1709
d0	Infinity	1569.2220
d16	7.1633	6.5587
d21	3.3810	3.5102
d29	3.1483	3.6237
Bf	22.0186	22.0186
[lens data]
1	208.7963	1.8000	1.55032	58.50	75.50	FCD705
2	37.5679	2.7643		46.79
3	45.0047	6.0937	1.90366	50.18	31.32	TAFD25
4	109.3983	0.5000		45.06	
5	78.5119	1.6663	1.58313	47.40	59.46	MC-BACD12
6	31.4439	9.9385		39.32
7	-70.9895	1.8501	2.00069	39.09	25.46	TAFD40
8	-62.6798	1.7867		41.28
9	-42.2155	1.5004	1.80518	38.44	25.46	FD60
10	31.3468	9.5060	1.77250	42.50	49.62	TAF1
11	-292.0488	0.2000		42.50	
12	276.7254	1.0000	1.68893	46.98	31.16	E-FD8
13	44.2467	8.1039	1.77250	44.00	49.62	TAF1
14	-290.6421	0.1500		46.76	
15	64.5740	7.5729	1.92286	49.96	20.88	E-FDS1
16	-177.0858	d16		49.96	
17	87.5103	5.5489	1.80610	44.84	40.73	NBFD13
18	-136.1628	0.1500		44.84	
19	785.1137	5.2948	1.49700	42.08	81.61	FCD1
20	-58.4639	1.0000	1.62004	42.08	36.30	E-F2
21	74.9789	d21		34.40	
22	AS	10.9090		32.295
23	-25.5428	1.0000	1.71736	29.80	29.50	E-FD1
24	39.9980	8.1122	1.49700	35.04	81.61	FCD1
25	-39.9980	0.2000		35.04	
26	66.0200	7.6222	1.77250	37.60	49.62	TAF1
27	-44.3960	1.0844		37.60	
28	-500.0000	4.4095	1.80610	38.02	40.73	NBFD13
29	-63.0102	d29		38.02	
30	-652.6258	3.0248	2.00069	38.02	25.46	TAFD40
31	-120.1715	1.5000	1.62004	38.02	36.30	E-F2
32	37.3343	18.5186		34.61
33	CG	2.5000	1.51680	46.34	64.20	N-BK7
34	CG	1.0000		46.34	
[aspherical data]
5	78.5119	0	-2.4193E-06	4.2279E-09	-6.4066E-13	-6.3635E-15	1.7532E-18
6	31.4439	0	-2.5703E-06	5.9920E-10	2.0057E-11	-4.2154E-14	2.9611E-17
17	87.5103	0	-6.1262E-07	-9.4062E-10	8.8650E-13	6.6622E-16	
18	-136.1628	0	1.8077E-06	-2.0087E-09	2.3893E-12	-6.7002E-16	
28	-500.0000	0	-4.3710E-06	-8.1297E-09	3.9617E-11	-5.2134E-14	
29	-63.0102	0	4.0846E-06	-8.8949E-09	3.9681E-11	-4.4640E-14	
[figure]
source	Data/JP2019-197125_Figure26.png
originX	56
originY	428
ppmm	9.972
[notes]
Bill: CLD Magnification computed.
