[descriptive data]
title	Noct Nikkor
[constants]
[variable distances]
Focal Length	58.00
Angle of View	40.9
F-Number	1.2
Image Height	43.28
Total Length	95.674
Bf	37.78
[lens data]
1	74.2272	7.175639	1.7995	49.93	42.34	NBFD12
2	0	0.393186		49.93			
3	33.25766	9.6305	1.61272	44.528	58.54	J-SK4
4	60.92781	1.671039		44.528		
5	137.839	3.538761	1.6727	42.169	32.1	S-TIM25
6	25.38526	7.568825		32.54
7	AS	7.863714		29.98
8	-23.9188	1.867632	1.784723	31.45	25.7	S-TIH11
9	293.9713	7.863714	1.8213	40.2	42.72	MP-TAFD51-50
10	-39.4556	0.491482		40.2		
11	-274.4783	5.701193	1.816	39.13	46.57	TAF5
12	-53.08654	0.000		39.13
13	124.1071	4.12845	1.6976	36.86	55.51	MP-LAC14-80
14	-96.87727	37.780		36.86
[aspherical data]
1	74.2272	-0.250	0	0	0	0
[figure]
[notes]
