[descriptive data]
title	US 2015/0092100 Example 10
[constants]
[variable distances]
Focal Length	53.32	undefined
Angle of View	43.98	undefined
F-Number	1.8303	undefined
Image Height	43.26	43.26
Total Length	undefined	undefined
Magnification	0	-0.03333
d0	Infinity	1620.38
d6	1.7496	2.6314
d8	8.8007	7.9189
Bf	20.42	20.42
Aperture Diameter	23.527	23.527
[lens data]
1	-49.894	2.07	1.592703	34.36	35.4
2	46.919	9.46	1.729160	37.24	54.7
3	-55.110	0.30		37.24	
4	30.404	1.00	1.698950	33.28	30.1
5	17.548	7.84	1.743300	29.18	49.3
6	138.012	d6		29.18	
7	-407.029	1.00	1.497103	29.18	81.6
8	20.338	d8		25.48	
9	AS	6.50		23.527
10	48.467	7.00	1.882023	25.48	37.2
11	-37.904	0.10		25.48	
12	-56.509	2.00	1.518230	23.86	59.0
13	34.503	8.16		20.58	
14	259.503	7.00	1.603111	26.44	60.7
15	-16.547	1.00	1.752110	26.44	25.0
16	-176.821	17.42		31.22	
17	CG	2.00	1.516798	46.24	64.2
18	CG	1.00		46.24	
[aspherical data]
6	138.012	0	7.12187E-06	-1.70635E-08	7.96207E-11	-1.27256E-13
8	20.338	0	-4.53262E-06	4.07566E-08	-1.83308E-10	5.86949E-13
10	48.467	0	1.21333E-06	1.39809E-08	-8.43583E-11	8.95908E-13
11	-37.904	0	3.76413E-06	8.19974E-09	-7.11489E-11	8.61844E-13
[figure]
source	Data/US20150092100_Figure10.png
originX	234
originY	596
ppmm	13.994
[notes]
Bill: CLD d0 computed.
