[descriptive data]
title	US 2015/0092100 Example 6
[constants]
[variable distances]
Focal Length	46.35	undefined
Angle of View	50.58	undefined
F-Number	1.85	undefined
Image Height	43.26	43.26
Total Length	undefined	undefined
Magnification	0	-0.03333
d0	Infinity	1406.47
d9	3.50	4.49
d11	15.76	14.77
Bf	16.89	16.89
Aperture Diameter	26.895	26.895
[lens data]
1	2222.850	1.00	1.743300	27.54	49.3
2	75.242	3.58		25.36	
3	-41.570	1.43	1.752110	25.53	25.0
4	76.896	4.79	1.910822	30.54	35.3
5	-41.793	0.10		30.54	
6	42.193	1.00	1.672700	32.04	32.2
7	25.731	6.75	1.729030	30.26	54.0
8	-84.678	1.00		30.26	
9	AS	d9		26.895
10	1136.621	1.00	1.496997	26.98	81.6
11	20.997	d11		23.00	
12	59.669	5.00	1.729030	28.76	54.0
13	-41.511	1.92		28.76	
14	33.735	5.00	2.001000	30.12	29.1
15	25.035	4.85		24.94	
16	-59.230	1.00	1.698950	24.80	30.1
17	34.704	4.83	1.496997	30.80	81.6
18	-108.470	13.89		30.80	
19	CG	2.00	1.516798	46.38	64.2
20	CG	1.00		46.38	
[aspherical data]
1	2222.850	0	-1.27634E-05	-6.19379E-09	6.59861E-12	2.80000E-14
8	-84.678	0	-3.06369E-06	5.58394E-09	4.37443E-12	-7.35666E-15
12	59.669	0	-3.42776E-06	-1.06471E-08	5.82910E-11	-2.19697E-13
13	-41.511	0	9.80429E-07	-2.22406E-08	1.06206E-10	-3.39691E-13
[figure]
source	Data/US20150092100_Figure06.png
originX	250
originY	609
ppmm	14.315
[notes]
Bill: CLD d0 computed.
