[descriptive data]
title	US 2015/0092100 Example 5
[constants]
[variable distances]
Focal Length	53.45	undefined
Angle of View	44.84	undefined
F-Number	1.80	undefined
Image Height	43.26	43.26
Total Length	undefined	undefined
Magnification	0	-0.03333
d0	Infinity	1621.96
d7	2.60	4.15
d11	13.77	12.22
Bf	15.90	15.90
Aperture Diameter	30.905	30.905
[lens data]
1	-38.021	6.24	1.672700	31.62	32.2
2	57.190	6.84	1.729160	36.26	54.7
3	-44.739	0.10		36.26
4	33.861	1.50	1.698950	36.26	30.1
5	25.498	5.65	1.729030	34.62	54.0
6	170.283	1.94		34.62	
7	AS	d7		30.905
8	117.673	3.19	1.752110	31.34	25.0
9	-74.188	0.39		31.34	
10	-62.658	1.00	1.713000	30.66	53.9
11	27.032	d11		26.70	
12	44.768	8.92	1.729030	29.02	54.0
13	-28.244	1.20	1.620040	29.02	36.3
14	-86.588	13.08		29.02	
15	-40.731	2.88	1.497103	27.80	81.6
16	-23.293	1.80	1.752110	30.52	25.0
17	-162.600	12.90		33.26	
18	CG	2.00	1.516798	46.22	64.2
19	CG	1.00		46.22	
[aspherical data]
6	170.283	0	3.57821E-06	-6.92532E-10	2.93854E-12	-5.23885E-15
12	44.768	0	2.82834E-06	3.78523E-09	-1.96233E-11	3.68245E-14
15	-40.731	0	-1.59405E-05	2.96768E-08	-2.17000E-10	3.30691E-13
[figure]
source	Data/US20150092100_Figure05.png
originX	194
originY	615
ppmm	14.293
[notes]
Bill: CLD d0 computed. Fixed typo n5.
