[descriptive data]
title	US 2015/0092100 Example 8
[constants]
[variable distances]
Focal Length	53.61	undefined
Angle of View	43.68	undefined
F-Number	1.88	undefined
Image Height	43.26	43.26
Total Length	undefined	undefined
Magnification	0	-0.03333
d0	Infinity	1627.69
d6	1.58	2.49
d8	8.96	8.05
Bf	21.70	21.70
Aperture Diameter	23.527	23.527
[lens data]
1	-43.052	2.07	1.647690	31.88	33.8
2	79.562	9.46	1.804200	34.90	46.5
3	-48.817	0.30		34.90	
4	31.166	1.00	1.698950	33.26	30.1
5	17.577	7.84	1.755014	28.30	51.2
6	127.515	d6		27.44
7	20745.109	1.00	1.487489	29.30	70.4
8	20.928	d8		24.99
9	AS	6.50		23.527
10	49.988	7.00	1.851348	25.34	40.1
11	-37.927	0.10		25.34	
12	-73.428	2.00	1.487489	24.52	70.4
13	30.083	7.00		22.50	
14	-1014.562	7.00	1.603111	28.06	60.7
15	-17.500	1.00	1.805181	28.06	25.5
16	-99.357	18.70		30.66	
17	CG	2.00	1.516798	46.36	64.2
18	CG	1.00		46.36	
[aspherical data]
6	127.515	0	6.36060E-06	-1.22877E-08	6.38834E-11	-1.03769E-13
8	20.928	0	-1.68318E-06	3.07543E-08	-1.07867E-10	5.64967E-13
10	49.988	0	-3.66636E-07	1.42927E-09	-1.72870E-11	6.40392E-13
11	-37.927	0	2.54891E-06	-1.11423E-09	-2.12944E-11	6.44435E-13
[figure]
source	Data/US20150092100_Figure08.png
originX	223
originY	600
ppmm	14.093
[notes]
Bill: CLD d0 computed.
