[descriptive data]
title	US 2015/0092100 Example 11
[constants]
[variable distances]
Focal Length	47.00	undefined
Angle of View	49.96	undefined
F-Number	1.87	undefined
Image Height	43.26	43.26
Total Length	undefined	undefined
Magnification	0	-0.03333
d0	Infinity	1423.93
d9	1.00	2.35
d11	9.56	8.21
Bf	14.50	14.50
Aperture Diameter	27.843	27.843
[lens data]
1	-42.182	2.05	1.910822	25.72	35.3
2	-29.059	1.00	1.595510	29.40	39.2
3	43.897	0.50		27.08	
4	41.748	2.23	1.768015	29.68	49.2
5	223.214	2.73		27.36	
6	AS	1.00		27.843
7	51.458	1.00	1.755200	33.36	27.5
8	24.432	9.20	1.804200	31.72	46.5
9	-49.853	d9		31.72	
10	54.661	1.00	1.487489	29.12	70.4
11	20.856	d11		25.86	
12	45.758	7.55	1.618806	28.44	63.9
13	-34.021	0.00		28.44	
14	154.168	4.51	1.688930	27.36	31.2
15	29.847	12.61		25.44	
16	-24.433	1.00	1.567320	28.72	42.8
17	-114.643	2.04	1.735001	33.36	49.8
18	-60.366	11.50		33.36	
19	CG	2.00	1.516798	46.46	64.2
20	CG	1.00		46.46	
[aspherical data]
5	223.214	0	1.36704E-05	9.88283E-09	-1.06398E-12	2.74019E-14
10	54.661	0	-1.16882E-05	-1.51685E-09
11	20.856	0	-9.51295E-06	-1.97798E-08	3.17626E-11	-1.92687E-13
13	-34.021	0	4.53480E-06	-7.49023E-09	5.17261E-11	-1.10212E-13
[figure]
source	Data/US20150092100_Figure11.png
originX	286
originY	629
ppmm	14.804
[notes]
Bill: CLD d0 computed.
