[descriptive data]
title	US 2015/0092100 Example 2
[constants]
[variable distances]
Focal Length	52.18	undefined
Angle of View	45.62	undefined
F-Number	1.85	undefined
Image Height	43.26	43.26
Total Length	undefined	undefined
Magnification	0	-0.03333
d0	Infinity	1585.12
d7	3.20	4.45
d9	11.44	10.19
Bf	14.68	14.68
Aperture Diameter	25.611	25.611
[lens data]
1	-43.053	3.08	1.581440	33.02	40.9
2	37.418	8.02	1.729160	35.06	54.7
3	-55.490	0.40		35.06	
4	35.214	1.80	1.740770	34.78	27.8
5	22.739	5.52	1.772501	31.38	49.5
6	163.860	3.50		27.82	
7	AS	d7		25.611
8	170.589	1.00	1.487489	26.18	70.4
9	20.602	d9		24.00	
10	55.812	4.57	1.583130	25.64	59.5
11	49.021	0.77		25.64	
12	45.288	10.00	1.696802	28.64	55.5
13	-47.014	10.03		28.64	
14	-18.854	1.20	1.846663	28.10	23.8
15	-35.051	11.68		32.32	
16	CG	2.00	1.516798	46.26	64.2
17	CG	1.00		46.26	
[aspherical data]
6	163.860	0	5.08908E-06	-7.87859E-09	4.37616E-11	-7.38330E-14
8	170.589	0	-1.97380E-05	9.69186E-08	-2.52021E-10
9	20.602	0	-2.21576E-05	8.72900E-08	-1.03567E-10	-9.12021E-13
10	55.812	0	-5.38071E-06	-2.91411E-08	2.33914E-10	-1.23731E-12
11	49.021	0	-1.58052E-05	-3.81825E-08	1.59168E-10	-9.04960E-13
[figure]
source	Data/US20150092100_Figure02.png
originX	252
originY	604
ppmm	14.163
[notes]
Bill: CLD d0 computed.
