[descriptive data]
title	US 2015/0092100 Example 3
[constants]
[variable distances]
Focal Length	55.01	undefined
Angle of View	43.06	undefined
F-Number	1.85	undefined
Image Height	43.26	43.26
Total Length	undefined	undefined
Magnification	0	-0.03333
d0	Infinity	1671.87
d7	3.40	4.63
d11	10.23	9.00
Bf	14.61	14.61
Aperture Diameter	27.068	27.068
[lens data]
1	-44.195	2.79	1.647690	33.72	33.8
2	45.156	7.36	1.804200	35.92	46.5
3	-55.531	0.40		35.92	
4	32.741	1.60	1.846663	35.24	23.8
5	23.041	5.78	1.772501	32.78	49.5
6	141.877	3.50		32.78
7	AS	d7		27.068
8	288.225	1.00	1.589130	27.18	61.3
9	20.502	3.48		23.36	
10	32.121	2.56	1.945945	25.26	18.0
11	38.580	d11		23.62	
12	50.570	10.00	1.618806	28.14	63.9
13	-40.060	12.08		28.14	
14	-20.507	1.20	1.922860	28.40	20.9
15	-39.587	11.61		32.36	
16	CG	2.00	1.516798	46.30	64.2
17	CG	1.00		46.30	
[aspherical data]
6	141.877	0	4.33072E-06	-4.88693E-09	2.62169E-11	-4.08685E-14
8	288.225	0	-8.37600E-06	2.75129E-08	-4.52202E-11	-3.14848E-14
9	20.502	0	-1.17002E-05	2.97673E-08	-1.19407E-10	1.62932E-13
12	50.570	0	2.99609E-06	-1.94234E-08	1.08119E-10	-6.31321E-13
13	-40.060	0	-1.36175E-06	-4.43648E-08	2.16698E-10	-7.93153E-13
[figure]
source	Data/US20150092100_Figure03.png
originX	229
originY	595
ppmm	13.929
[notes]
Bill: CLD d0 computed.
