[descriptive data]
title	US 2015/0092100 Example 9
[constants]
[variable distances]
Focal Length	53.54	undefined
Angle of View	43.84	undefined
F-Number	1.88	undefined
Image Height	43.26	43.26
Total Length	undefined	undefined
Magnification	0	-0.03333
d0	Infinity	1628.27
d6	1.65	2.67
d8	9.09	8.08
Bf	21.48	21.48
Aperture Diameter	23.050	23.050
[lens data]
1	-52.573	2.07	1.647690	32.28	33.8
2	43.604	9.46	1.804200	35.14	46.5
3	-60.717	0.30		35.14	
4	33.327	1.00	1.698950	32.56	30.1
5	18.167	7.84	1.772501	27.85	49.5
6	114.039	d6		27.85
7	-3178.208	1.00	1.497103	28.04	81.6
8	22.185	d8		23.82	
9	AS	6.50		23.050
10	54.219	7.00	1.851348	24.76	40.1
11	-33.794	0.10		24.76	
12	-48.908	2.00	1.487489	24.76	70.4
13	35.179	7.00		23.68	
14	387.823	7.00	1.603111	28.08	60.7
15	-18.000	1.00	1.752110	28.08	25.0
16	-207.854	18.48		31.86	
17	CG	2.00	1.516798	46.88	64.2
18	CG	1.00		46.88	
[aspherical data]
6	114.039	0	5.81455E-06	-8.44455E-09	5.44666E-11	-9.43732E-14
8	22.185	0	-7.96957E-07	2.48848E-08	-9.57745E-11	5.76286E-13
10	54.219	0	-8.27955E-08	-4.59458E-10	5.58081E-12	4.43279E-13
11	-33.794	0	4.11916E-06	-3.79124E-09	6.73757E-13	4.57711E-13
[figure]
source	Data/US20150092100_Figure09.png
originX	226
originY	599
ppmm	13.902
[notes]
Bill: CLD d0 computed.
