[descriptive data]
title	US 2015/0092100 Example 7 [NG]
[metadata]
NG	Asphericals are broken: A6, A8, and A10 are identical for surfaces 7 and 13.
[constants]
[variable distances]
Focal Length	46.19	undefined
Angle of View	50.60	undefined
F-Number	1.85	undefined
Image Height	43.26	43.26
Total Length	undefined	undefined
Magnification	0	-0.03333
d0	Infinity	1397.95
d8	3.82	4.94
d12	6.42	5.30
Bf	15.20	15.20
Aperture Diameter	27.867	27.867
[lens data]
1	138.963	1.73	1.834410	28.80	37.3
2	70.404	3.76		25.27
3	-41.450	1.99	1.752110	25.42	25.0
4	49.054	5.88	1.883000	31.32	40.8
5	-41.233	0.10		31.32	
6	57.338	4.71	1.729030	32.08	54.0
7	-67.028	1.50		32.08	
8	AS	d8		27.867
9	-244.034	1.00	1.516798	26.94	64.2
10	22.356	4.33		24.96
11	209.966	1.50	1.945945	25.24	18.0
12	-260.965	d12		25.24
13	72.628	6.00	1.729030	26.08	54.0
14	-43.857	0.10		26.08	
15	29.849	3.51	1.755200	26.62	27.5
16	21.082	8.20		23.90	
17	-27.839	1.00	1.752110	24.00	25.0
18	67.747	5.36	1.617998	31.10	63.4
19	-44.917	12.20		31.10	
20	CG	2.00	1.516798	46.18	64.2
21	CG	1.00		46.18	
[aspherical data]
1	138.963	0	-1.45776E-05	-1.58515E-08	-5.95866E-12	6.11967E-14
7	-67.028	0	-3.25045E-06	7.42861E-09	-8.79472E-11	6.30985E-13
13	72.628	0	-5.15025E-07	7.42861E-09	-8.79472E-11	6.30985E-13
14	-43.857	0	-1.92615E-06	-1.08108E-09	-5.96595E-11	5.13333E-13
[figure]
source	Data/US20150092100_Figure07.png
originX	240
originY	604
ppmm	14.042
[notes]
