[descriptive data]
title	Noct Nikkor
[constants]
[variable distances]
Focal Length	58.00
Angle of View	40.9
F-Number	1.2
Image Height	43.28
Total Length	95.674
Bf	37.78
[lens data]
1	73.67176547191339	6.885	1.795	50.4875	45.31	J-LASF017
2	0	0.1		50.4875			
3	35.074446387613555	9.75	1.8485	44.832	43.79	J-LASFH22
4	70.18675	1.56		44.832		
5	134.505	2.87	1.74	42.169	28.3	S-TIH3
6	22.3687	8.44		32.12841
7	AS	7.95		31.227
8	-23.02418	1.64	1.74077	31.445	27.79	S-TIH13
9	306.553	8.196	1.788	40.2	47.37	TAF4
10	-37.555	0.15		40.2		
11	-396.94	6.147	1.7725	39.5	46.62	J-LASF016
12	-52.56789	0.000		39.5
13	223.8426	4.016	1.795	38.275	45.31	J-LASF017
14	-94.08052	37.780		38.275
[aspherical data]
1	79.9975	0	0	0	0	0
[figure]
[notes]
