[descriptive data]
title	Noct Nikkor
[constants]
[variable distances]
Focal Length	58.00
Angle of View	40.9
F-Number	1.2
Image Height	43.28
Total Length	95.674
Bf	37.78
[lens data]
1	74.2272	7.175639	1.673	49.93	38.3	S-NBH52V
2	0	0.393186		49.93			
3	33.25766	9.6305	1.8042	44.528	46.52	J-LASF015
4	60.92781	1.671039		44.528		
5	137.839	3.538761	1.7283	42.169	28.32	FD10
6	25.38526	7.568825		32.54
7	AS	7.863714		29.98
8	-23.9188	1.867632	1.72825	31.45	28.38	SF13
9	293.9713	7.863714	1.773	40.2	49.57	LAFN28
10	-39.4556	0.491482		40.2		
11	-274.4783	5.701193	1.691	39.13	54.9	J-LAK9
12	-53.08654	0.000		39.13
13	124.1071	4.12845	1.7883	36.86	47.47	LAFN21
14	-96.87727	37.780		36.86
[aspherical data]
1	74.2272	0	0	0	0	0
[figure]
[notes]
