[descriptive data]
title	JP2021-043376 Example 5 (Cosina Voigtlander 50mm F2.0 Apo Prototype)
[constants]
[variable distances]
Focal Length	49.28
Angle of View	47.4
F-Number	1.93
Image Height	43.26
Magnification	0
d0	Infinity	370.0
d4	0.32	0.32
d6	0.2	1.10
d8	0.2	0.2
d10	5.49	5.49
d11	3.36	3.36
d14	0.56	0.56
d19	15.0	22.35
Bf	15.0	22.35
Aperture Diameter(m)	33.257
[lens data]
1	-37.070	1.70	1.54373	32.0	47.65	
2	75.394	0.2		32.0
3	50.421	3.46	1.85249	32.0	42.08	
4	236.595	d4		32.0
5	67.642	7.57	1.49700	32.0	81.61	
6	-51.349	d6		32.0
7	63.022	4.71	1.59282	29.0	68.62
8	-65.678	d8		29.0
9	200.0	1.6	1.51322	28.0	57.22
10	29.49	d10		28.0
11	AS	d11		23.0
12	-50.154	1.6	1.70269	27.0	34.84	
13	25.432	6.72	1.79334	27.0	47.18	
14	-60.434	d14		28.0	
15	40.672	6.63	1.80258	30.0	46.6	
16	-40.724	1.6	1.55362	30.0	45.38	
17	30.835	12.49		30.0		
18	-34.164	2.6	1.51633	32.0	64.06	
19	-112.348	Bf		32.0	
[aspherical data]
3	50.421	0	-1.6435E-6	7.0442E-10	2.7291E-11	-2.2674E-15		
4	236.595	0	6.4457E-6	1.9943E-9	2.8907E-11	-4.7319E-15		
18	-34.164	0	-7.6822E-5	1.9445E-7	-8.3803E-10	1.7349E-12		
19	-112.348	0	-5.6981E-5	1.8942E-7	-4.8687E-10	7.6837E-13
[figure]
[notes]
