[descriptive data]
title	EP 3 136 147 Example 3
[constants]
[variable distances]
Focal Length	49.799	49.219	48.831
Angle of View	46.974	46.242	45.354
F-Number	1.44	1.545	1.644
Image Height	43.28	43.28	43.28
Total Length	142	142	142
Magnification	0	-0.0563	-0.1034
d0	Infinity	858	458
d11	14.993	10.237	6.519
d15	3.530	8.286	12.005
Bf	0.800	0.800	0.800
[lens data]
1	89.438	2.400	1.48749	47.94	70.44
2	40.722	17.372		41.26	
3	-33.610	2.400	1.84666	39.94	23.78
4	-8451.436	12.557	1.83481	46.26	42.72
5	-42.619	0.300		48.26	
6	67.510	9.772	1.92286	49.60	20.88
7	-289.930	0.300		49.60	
8	33.642	12.466	1.59282	42.94	68.62
9	-112.611	2.410	1.72825	40.60	28.32
10	23.930	8.815		31.48
11	AS	d11		30.439
12	-28.061	1.500	1.69895	27.67	30.05
13	-110.161	1.394		30.05
14	80.050	7.000	1.69350	31.58	53.18
15	-33.190	d15		31.58	
16	-81.675	7.235	1.74100	34.60	52.64
17	-25.260	2.410	1.59551	34.60	39.24
18	66.500	0.500		36.94	
19	67.881	5.852	1.80860	38.26	40.42
20	-134.600	26.584		38.26	
21	CG	1.410	1.51680	50.26	64.20
22	CG	0.800		50.26	
[aspherical data]
14	80.050	0.00	-1.8228E-06	1.0408E-08	-4.2022E-11	7.2917E-14
15	-33.190	0.00	3.3956E-06	1.1694E-08	-4.4887E-11	8.2847E-14
19	67.881	0.00	2.2091E-06	1.8949E-08	-3.7754E-11	6.7821E-14
20	-134.600	0.00	5.0546E-06	2.0724E-08	-3.1280E-11	6.9777E-14
[figure]
source	Data/EP3136147_Figure03.png
originX	114
originY	433
ppmm	6.859
[notes]
