[descriptive data]
title	EP 3 136 147 Example 4
[constants]
[variable distances]
Focal Length	49.887	49.778	49.765
Angle of View	46.900	46.052	45.030
F-Number	1.44	1.554	1.656
Image Height	43.28	43.28	43.28
Total Length	155	155	155
Magnification	0	-0.0570	-0.1058
d0	Infinity	845	445
d11	17.860	12.978	9.043
d15	3.533	8.415	12.350
Bf	0.800	0.800	0.800
[lens data]
1	96.494	2.400	1.48749	54.50	70.44
2	45.680	22.160		47.58	
3	-35.353	4.233	1.84666	44.64	23.78
4	5613.933	13.090	1.83481	53.70	42.72
5	-45.620	0.300		55.04	
6	63.515	10.437	1.92286	51.58	20.88
7	-482.971	0.300		51.58	
8	34.369	13.401	1.59282	43.58	68.62
9	-97.106	2.410	1.72825	40.10	28.32
10	22.238	9.121		30.85
11	AS	d11		30.003
12	-27.521	1.500	1.69895	27.88	30.05
13	-140.098	0.300		29.52
14	66.080	7.000	1.69350	31.05	53.18
15	-31.832	d15		31.05	
16	-63.687	8.281	1.77250	29.44	49.60
17	-23.931	2.410	1.59551	33.18	39.24
18	72.100	1.000		36.64	
19	65.287	6.264	1.80860	38.24	40.42
20	-107.586	26.790		38.24	
21	CG	1.410	1.51680	49.70	64.20
22	CG	0.800		49.70	
[aspherical data]
14	66.080	0.00	-1.7117E-06	4.9153E-09	-1.2005E-11	-2.6454E-15
15	-31.832	0.00	4.7036E-06	4.1746E-09	-2.0961E-12	-1.1846E-14
19	65.287	0.00	2.3588E-06	1.3645E-08	-8.9338E-12	-5.5146E-15
20	-107.586	0.00	5.7243E-06	1.4818E-08	9.1760E-12	-3.1274E-14
[figure]
source	Data/EP3136147_Figure04.png
originX	115
originY	445
ppmm	6.275
[notes]
