[descriptive data]
title	EP 3 136 147 Example 2
[constants]
[variable distances]
Focal Length	48.773	48.202	47.777
Angle of View	47.852	47.014	46.066
F-Number	1.44	1.467	1.536
Image Height	43.28	43.28	43.28
Total Length	142	142	142
Magnification	0	-0.0551	-0.1012
d0	Infinity	858	458
d11	10.714	6.574	3.261
d17	3.545	7.685	10.998
Bf	0.800	0.800	0.800
[lens data]
1	60.446	2.400	1.51680	55.64	64.17
2	35.559	17.222		48.38	
3	-45.185	2.300	1.85025	47.96	30.05
4	43.354	15.676	1.83481	53.78	42.72
5	-60.296	0.500		53.78
6	58.442	9.658	1.92286	57.76	20.88
7	-319.201	0.300		57.76	
8	42.295	12.000	1.59282	48.60	68.62
9	-95.931	3.541	1.78472	48.60	25.72
10	28.217	8.351		34.08	
11	AS	d11		30.678
12	56.920	3.073	1.72916	31.74	54.67
13	-28358.903	5.741		31.74	
14	-28.937	1.300	1.75520	29.82	27.53
15	72.472	2.887		32.60	
16	108.560	7.184	1.85400	33.44	40.38
17	-31.014	d17		33.44	
18	43.217	2.199	1.69895	39.84	30.05
19	27.517	1.500		36.44	
20	35.973	4.971	1.80610	40.48	40.88
21	79.414	24.709		39.42	
22	CG	1.410	1.51680	53.50	64.20
23	CG	0.800		53.50	
[aspherical data]
16	108.560	0.00	-5.9034E-07	2.0269E-09		
17	-31.014	0.00	1.5681E-06	3.3261E-09	-4.2532E-12	1.0466E-14
20	35.973	0.00	2.0071E-06	9.2821E-09	2.5723E-11	
21	79.414	0.00	1.8517E-06	9.9029E-09	2.4581E-11	2.8631E-14
[figure]
source	Data/EP3136147_Figure02.png
originX	145
originY	452
ppmm	6.280
[notes]
