[descriptive data]						
title	JP 2013-019993A Example 1
[constants]
[variable distances]						
Focal Length	58.0216					
Angle of View	41.64					
F-Number	1.45					
Image Height	43.2					
Total Length	95.29638					
S	Infinity					
Magnification	0					
d0	Infinity					
Bf	37.6			
[lens data]				
1	51.7941	6.0000	1.74443	46.80	49.53
2	191.5939	0.0000		44.70	
3	39.9792	6.0000	1.75500	39.80	52.34
4	546.9494	1.5000	1.48749	39.80	70.31
5	41.1536	3.0776		35.00	
6	153.1313	1.5000	1.68893	34.60	31.16
7	29.6376	7.0000		33.50	
8	AS	7.0000		28.883
9	-31.4836	1.7000	1.72825	30.10	28.46
10	29.5494	7.0000	1.88300	34.00	40.77
11	-215.6486	0.1000		34.00	
12	91.3538	6.8000	1.88300	34.00	40.66
13	-38.7052	1.5000	1.53172	34.20	48.78
14	64.0255	5.0000	1.74443	33.80	49.53
15	-83.7702	Bf		33.80	
16	CG	2.0000	1.51680	45.00	64.12
17	CG	0.4001		45.00	
[aspherical data]								
5	41.1536	0.1611	1.40711E-06	-3.99157E-09	3.28658E-11	-3.91067E-14	-3.30740E-16	9.52810E-19
15	-83.7702	16.1429	9.22239E-06	5.47649E-09	1.42127E-11	1.99956E-14	-5.38560E-17	2.00860E-19
[figure]								
source	Data/JP2013-019993_Figure01.png							
ppmm	25.65635982							
originX	71							
originY	857							
[notes]
