[descriptive data]
title	JP 2022-033487 Example 1 (Sigma 35mm F1.4 DG DN Art)
[constants]
[variable distances]
Focal Length	33.72	undefined
Angle of View	67.78	66.29
F-Number	1.46	1.49
Image Height	43.26	43.26
Total Length	123.95	123.95
Magnification	0	-0.02496
S	Infinity	1470
d0	Infinity	1346.05
d15	3.9908	4.8959
d17	12.0473	11.1422
Bf	20.9607	20.9607
[lens data]
1	305.0235	2.2000	1.48749	50.06	70.44
2	24.7212	14.4681		40.09
3	-50.0835	1.5000	1.43700	40.09	95.10
4	76.0889	0.6300		40.94	
5	59.3842	6.8109	1.88100	41.22	40.14
6	-134.6441	3.9968		41.22	
7	240.5313	6.4886	1.77250	37.90	49.50
8	-43.7781	1.0000	1.59270	37.90	35.45
9	58.9630	1.1632		34.34	
10	46.0805	1.0000	1.61340	36.80	44.27
11	25.4742	10.9986	1.45860	34.80	90.19
12	-128.5813	0.1500		37.08	
13	54.1975	7.3991	1.55032	36.94	75.50
14	-69.1018	1.0500		36.94	
15	AS	d15		32.452
16	-201.4141	0.9000	1.48749	31.62	70.44
17	26.6994	d17		29.70	
18	37.4241	0.8500	1.85451	29.42	25.15
19	23.7169	7.4401	1.55032	27.38	75.50
20	-202.1596	0.1500		29.42	
21	44.6216	6.0412	1.95375	31.32	32.32
22	-81.3192	0.3285		31.32	
23	-163.4460	0.9000	1.61340	30.66	44.27
24	22.8329	4.0260		27.16	
25	54.8915	6.5602	1.77250	31.42	49.50
26	-42.0436	0.9000	1.77047	31.42	29.74
27	76.9936	Bf		31.42	
[aspherical data]
7	240.5313	0	-3.04814E-06	6.39807E-10	4.52327E-13	-1.60760E-14	7.81018E-17	-1.33030E-19	8.32890E-23
25	54.8915	0	-4.06671E-06	6.92529E-10	-6.11485E-11	6.42866E-13	-3.52967E-15	8.54521E-18	-6.58266E-21
[figure]
source	Data/JP2022-033487_Figure01P.png
originX	6.54
originY	60.49
ppmm	2.267
[notes]
