[descriptive data]
title	Noct Nikkor
[constants]
[variable distances]
Focal Length	58.00
Angle of View	40.9
F-Number	1.2
Image Height	43.28
Total Length	95.674
Bf	37.78
[lens data]
1	78.946675	6.885	1.795	50.4875	45.31	J-LASF017
2	0	0.1		50.4875			
3	34.2144	9.75	1.8485	44.832	43.79	J-LASFH22
4	69.3096625	1.56		44.832		
5	132.931325	2.87	1.74	42.169	28.3	S-TIH3
6	22.6486125	8.44		32.12841
7	AS	7.95		31.227
8	-23.3229375	1.64	1.74077	31.445	27.79	S-TIH13
9	302.7210875	8.196	1.788	40.2	47.37	TAF4
10	-38.035575	0.15		40.2		
11	-391.853825	6.147	1.7725	39.5	46.62	J-LASF016
12	-53.2251	0.000		39.5
13	221.0449625	4.016	1.795	38.275	45.31	J-LASF017
14	-92.9049875	37.780		38.275
[aspherical data]
1	78.946675	0.01	-6.712963145092210E-008	7.664783666093216E-010	-3.035469169295188E-012	4.988095522505589E-015	-3.467670805310712E-018	8.748155121312232E-022	0	0	0
[figure]
[notes]
