[descriptive data]
title	JP 2020-012952 Example 4
[constants]
[variable distances]
Focal Length	40.53	undefined
Angle of View	56.66	undefined
F-Number	1.46	undefined
Image Height	43.26	43.26
Total Length	170.00	170.00
Magnification	0	-0.160
S	Infinity	393
d0	Infinity	222.500
d14	5.6359	0.1500
d19	7.7446	6.5193
Bf	39.0002	45.7114
[lens data]
1	102.4259	5.7075	1.77250	69.66	49.62	TAF1
2	416.1024	0.1500		69.66	
3	123.9532	1.5000	1.43700	63.28	95.10	FCD100
4	28.5541	12.8279		46.90	
5	-1305.9348	1.5000	1.43700	50.00	95.10	FCD100
6	49.6155	12.3757		42.96	
7	-36.5801	1.5000	1.75211	42.96	25.05	FF8
8	182.8774	9.0200	1.90366	51.32	31.32	TAFD25
9	-52.4949	1.6928		51.32	
10	192.9443	12.4343	1.55032	48.36	75.50	FCD705
11	-33.3114	1.5000	1.61340	48.36	44.27	S-NBM51
12	98.9322	0.1500		46.81	
13	69.5203	6.9563	1.77250	50.34	49.62	TAF1
14	-215.2756	d14		50.34	
15	73.0127	5.1140	1.92286	49.52	20.88	E-FDS1
16	1000.0000	0.1500		49.52	
17	79.5497	10.4784	1.59282	46.24	68.63	FCD515
18	-43.9236	2.8148	1.58144	46.24	40.89	E-FL5
19	39.6653	d19		36.74	
20	AS	1.5000		33.942
21	41.7094	9.3242	1.49700	33.74	81.61	FCD1
22	-28.4609	1.5000	1.62004	33.74	36.30	E-F2
23	39.0793	7.0650		28.14	
24	-24.5248	1.5000	1.72342	28.14	37.99	BAFD8
25	-68.9179	0.1500		31.78	
26	72.4258	6.8520	1.59282	33.74	68.63	FCD515
27	-36.4745	0.1500		33.74	
28	-253.0956	3.7066	1.85135	33.48	40.10	M-TAFD305
29	-51.6351	Bf		33.48	
[aspherical data]
28	-253.0956	0	-3.04069E-06	4.69931E-10	3.33072E-11	-9.48484E-15
29	-51.6351	0	2.86492E-06	1.14256E-09	3.34009E-11	
[figure]
source	Data/JP2020-012952_Figure16.png
originX	18
originY	393
ppmm	6.639
[notes]
