[descriptive data]
title	JP 2020-012952 Example 3
[constants]
[variable distances]
Focal Length	40.44	undefined
Angle of View	56.76	undefined
F-Number	1.46	undefined
Image Height	43.26	43.26
Total Length	170.00	170.00
Magnification	0	-0.162
S	Infinity	392
d0	Infinity	222.497
d14	6.7664	0.9899
d19	8.0567	6.8561
Bf	38.9999	45.9770
[lens data]
1	117.6314	5.3192	1.77250	70.44	49.62
2	532.0219	0.1500		70.44	
3	126.7305	1.5000	1.43700	64.38	95.10
4	28.1993	12.8135		47.18	
5	964.0692	1.5000	1.43700	49.96	95.10
6	54.3327	13.1744		45.04	
7	-36.5990	1.5000	1.67300	45.04	38.15
8	267.6470	8.7330	1.83481	51.26	42.72
9	-51.0851	0.1500		51.26	
10	-104.5408	10.8145	1.59282	48.48	68.62
11	-29.6706	1.5000	1.64769	48.48	33.84
12	-193.6866	0.1500		52.26	
13	94.2965	5.6070	1.77250	51.76	49.62
14	-355.0703	d14		51.76	
15	131.0596	4.8976	1.92286	52.26	20.88
16	-286.7647	0.9175		52.26	
17	48.7144	13.0049	1.59282	47.33	68.63
18	-44.5688	1.5819	1.58144	47.33	40.89
19	37.1212	d19		37.50	
20	AS	1.6437		33.937	
21	56.0457	7.7744	1.55032	34.08	75.50
22	-32.8314	1.5000	1.72342	34.08	37.99
23	49.3095	7.2744		29.50	
24	-28.1080	1.5000	1.72047	29.50	34.71
25	-144.4089	0.1500		32.26	
26	64.2496	6.6865	1.59282	34.22	68.63
27	-41.3158	0.1500		34.22	
28	517.5462	6.1843	1.88202	34.08	37.22
29	-63.6102	Bf		34.08	
[aspherical data]
28	517.5462	0	1.72992E-08	6.26270E-09	2.49889E-11	-1.77875E-14
29	-63.6102	0	5.37372E-06	6.89077E-09	2.59188E-11	
[figure]
source	Data/JP2020-012952_Figure11.png
originX	10
originY	392
ppmm	6.639
[notes]
