[descriptive data]
title	JP 2020-012952 Example 2
[constants]
[variable distances]
Focal Length	39.57	undefined
Angle of View	57.81	undefined
F-Number	1.46	undefined
Image Height	43.26	43.26
Total Length	170.00	170.00
Magnification	0	-0.159
S	Infinity	393
d0	Infinity	222.500
d14	9.4427	3.6038
d19	7.3207	6.3610
Bf	38.9999	45.7985
[lens data]
1	157.3686	4.8818	1.77250	71.30	49.62
2	1856.3618	0.1500		71.30	
3	144.0576	1.5000	1.43700	64.76	95.10
4	29.2176	14.2565		48.36	
5	-213.2951	1.5000	1.43700	48.36	95.10
6	61.5403	12.1780		45.50
7	-37.3274	1.5000	1.62004	45.50	36.30
8	-203.5178	6.2010	1.83481	52.26	42.72
9	-52.3315	0.1500		52.26
10	307.2163	13.7503	1.55032	50.47	75.50
11	-31.4429	1.5000	1.59270	50.47	35.44
12	282.6389	0.5241		51.84	
13	85.1809	5.3578	1.77250	51.02	49.62
14	-609.1957	d14		51.02	
15	103.5230	5.4547	1.92286	51.24	20.88
16	-262.8090	0.1500		51.24	
17	54.0207	11.8863	1.59282	46.78	68.63
18	-45.2154	1.5000	1.58144	46.78	40.89
19	40.5821	d19		36.48	
20	AS	1.5000		33.709
21	78.5674	7.1284	1.43700	34.40	95.10
22	-32.5944	1.5000	1.64769	34.40	33.84
23	61.8213	7.9788		29.48	
24	-27.8218	1.5000	1.62588	30.10	35.74
25	-132.7192	0.1500		32.54	
26	68.1166	6.7446	1.59282	33.98	68.63
27	-39.9843	0.1500		33.98	
28	391.8633	5.1444	1.85135	33.36	40.10
29	-76.9713	Bf		33.36	
[aspherical data]
28	391.8633	0	1.71728E-06	7.81913E-09	3.28705E-11	-4.53242E-14
29	-76.9713	0	6.97618E-06	7.70738E-09	4.25379E-11	-4.30653E-14
[figure]
source	Data/JP2020-012952_Figure06.png
originX	23
originY	381
ppmm	6.626
[notes]
