[descriptive data]
title	JP2025-052870 Example 1 (Nikon Nikkor Z 35mm f/1.2 S)
[constants]
[variable distances]
Focal Length	34.4	undefined
Angle of View	65.4	undefined
F-Number	1.23	undefined
Total Length	163.987	163.987
Image Height	43.4	43.4
Magnification	0	-0.1000
d0	Infinity	308.070
d18	19.089	13.738
d22	2.019	3.693
d26	2.000	5.676
Bf	0	0
[lens data]
1	163.28336	2.500	1.64000	65.80	60.1	S-BSM81	J-LAK01
2	31.10505	13.390		52.63
3	149.89871	3.000	1.51680	52.15	64.1	J-BK7A
4	47.93253	3.060		52.15
5	73.48310	5.400	1.92119	51.95	24.0	FDS24
6	357.54410	12.730		51.95
7	-38.63142	2.100	1.73800	50.60	32.3	J-KZFH9
8	-1220.67060	0.820		53.85
9	Infinity	7.850	1.95375	54.78	32.3	J-LASFH21
10	-62.49727	0.300		55.43
11	91.13243	10.250	1.59349	55.96	67.0	J-PSKH4
12	-91.13243	0.200		55.96
13	54.79591	6.750	1.59349	52.50	67.0	J-PSKH4
14	240.05962	0.200		52.50
15	116.72066	10.250	1.59319	49.48	67.9	J-PSKH1
16	-55.03000	1.600	1.73800	49.48	32.3	J-KZFH9
17	56.17820	5.630		42.14	
18	AS	d18		39.710
19	-38.22319	1.500	1.72047	36.50	34.7	S-NBH8	N-KZFS8
20	Infinity	0.200		40.64
21	63.64177	6.000	1.59319	39.78	67.9	J-PSKH1
22	-130.91271	d22		39.78
23	49.41555	8.000	1.59294	38.83	67.9	Q-PSKH1S
24	-821.27474	3.130		38.83
25	65.70231	3.750	1.77503	38.75	47.3	Q-LASFH11S
26	690.07952	d26		38.75
27	60.10155	4.000	1.59319	40.07	67.9	J-PSKH1
28	231.68418	0.310		40.07
29	90.05931	4.050	1.94594	40.28	18.0	FDS18
30	Infinity	1.400	1.78880	40.28	28.4	S-NBH58
31	37.80163	7.530		37.82
32	-124.60117	2.000	1.62372	37.82	58.4	J-SK15
33	448.63838	10.380		40.28
34	CG	1.600	1.51680	44.48	64.1	J-BK7A
35	CG	1.000		44.48	
[aspherical data]
3	149.89871	0	-1.90130E-06	5.94470E-09	-7.37380E-12	6.82170E-15	-2.33300E-18		
4	47.93253	0	-4.72665E-06	6.15115E-09	-1.36350E-11	1.88120E-14	-1.56680E-17	4.21000E-21	
24	-821.27474	0	-1.45539E-05	3.33136E-08	-7.38050E-11	1.27860E-13	-1.36240E-16	8.20000E-20	-3.05140E-23
25	65.70231	0	-1.73911E-05	2.29349E-08	-7.94700E-11	2.34280E-13	-5.40620E-16	8.62870E-19	-6.32910E-22
32	-124.60117	0	-6.15151E-06	-3.25835E-10	1.08560E-11	-5.90780E-14			
[figure]
source	Data/JP2025-052870_Figure01wideP.png
originX	18.77
originY	308.17
ppmm	6.400
[notes]
