[descriptive data]
title	US 2019/0250367 Example 1 (Ricoh HD Pentax-D FA 50mm F1.4 SDM AW)
[constants]
[variable distances]
Focal Length	49.57	48.01
Angle of View	47.0	43.4
F-Number	1.45	1.74
Image Height	43.28	43.28
Total Length	149.24	149.24
Magnification	0	-0.184
d0	Infinity	251.43
d11	10.407	1.012
d25	37.310	46.706
Bf	0	0
[lens data]
1	292.188	4.368	1.60342	61.30	38.0
2	-508.040	2.400	1.61340	61.30	44.3
3	40.248	6.809		52.28	
4	99.387	11.193	1.91082	52.70	35.2
5	-61.124	1.950	1.61340	52.70	44.3
6	102.023	8.974		46.14	
7	-50.023	1.750	1.72047	45.32	34.7
8	95.253	6.188	1.61800	46.82	63.4
9	-199.658	0.100		46.82	
10	99.222	8.352	1.83481	47.64	42.7
11	-84.561	d11		47.64	
12	54.801	4.434	1.85150	43.40	40.8
13	123.303	0.183		43.40	
14	53.021	8.578	1.59522	40.14	67.7
15	-75.909	1.550	1.60342	40.14	38.0
16	40.154	6.141		34.57
17	AS	3.791		31.828
18	-45.293	1.270	1.60342	32.96	38.0
19	39.736	7.837	1.59522	32.96	67.7
20	-57.921	0.978		32.96
21	-41.379	3.134	1.88300	32.96	40.8
22	-30.183	1.250	1.56732	32.96	42.8
23	96.931	0.632		32.96
24	67.722	6.658	1.77250	32.96	49.5
25	-47.005	d25		32.96
26	CG	2.000	1.51633	43.84	64.1
27	CG	1.000		43.84	
[aspherical data]
24	67.722	0	-3.057E-06	-2.560E-09	1.404E-11	-3.622E-14
25	-47.005	0	2.344E-06	-4.523E-09	1.659E-11	-3.687E-14
[figure]
source	Data/US20190250367_Figure01P.png
originX	156.57
originY	125.88
ppmm	2.464
[notes]
Bill: d0 measured/computed.
