[descriptive data]
title	WO 2020/170591 Example 9
[constants]
[variable distances]
Focal Length	14.4	16.0	18.0	23.3	undefined	undefined	undefined	undefined	undefined	undefined	undefined	undefined
Angle of View	115.123	107.999	100.301	84.436	undefined	undefined	undefined	undefined	undefined	undefined	undefined	undefined
F-Number	2.91	2.91	2.91	2.91	undefined	undefined	undefined	undefined	undefined	undefined	undefined	undefined
Image Height	43.2	43.2	43.2	43.2	43.2	43.2	43.2	43.2	43.2	43.2	43.2	43.2
Total Length	137.421	134.414	131.760	129.485	137.421	134.414	131.760	129.485	137.421	134.414	131.760	129.485
Magnification	0	0	0	0	-0.025	-0.025	-0.025	-0.025	-0.091	-0.099	-0.110	-0.142
d0	Infinity	Infinity	Infinity	Infinity	547.1797	611.4703	691.7918	904.4881	136.0234	138.9653	141.4208	143.5318
d8	19.8415	14.9293	10.0773	1.6769	20.6724	15.6966	10.7821	2.2646	22.7133	17.8241	13.0223	4.8109
d12	7.6288	7.1950	6.5331	5.0307	6.7979	6.4278	5.8283	4.4429	4.7570	4.3002	3.5882	1.8967
d25	1.5037	1.6216	1.7924	1.9194	1.5037	1.6216	1.7924	1.9194	1.5037	1.6216	1.7924	1.9194
d30	19.7474	21.9244	24.6266	32.2154	19.7474	21.9244	24.6266	32.2154	19.7474	21.9244	24.6266	32.2154
Bf	21.808	24.029	26.719	34.219	21.808	24.029	26.719	34.219	21.808	24.029	26.719	34.219
Aperture Diameter	16.156	17.071	18.228	21.456	16.156	17.071	18.228	21.456	16.156	17.071	18.228	21.456
[lens data]
1	211.8265	3.0000	1.588870	67.02	61.13
2	15.9992	11.6180		43.54	
3	48.6821	2.0000	1.820980	41.64	42.50
4	25.7140	11.5301		33.02	
5	-43.5876	1.5000	1.497820	33.02	82.57
6	54.1333	0.5681		34.12	
7	40.3289	6.6069	1.625844	34.40	34.24
8	-86.6000	d8		34.40	
9	FS	0.0000		23.52	
10	36.9813	1.1000	1.963000	22.92	24.11
11	19.6099	4.3000	1.680196	22.92	30.69
12	1248.2429	d12		22.92	
13	26.0906	1.1000	1.846660	24.14	23.80
14	17.5000	6.2000	1.489456	23.36	69.86
15	1516.2872	1.5382		23.36	
16	AS	2.6920		16.156
17	-46.0077	1.1000	1.953750	22.74	32.33
18	26.5003	5.4000	1.846660	23.96	23.80
19	-55.7140	0.3744		23.96	
20	FS	-0.3000		24.66	
21	25.7684	6.0000	1.497820	24.58	82.57
22	-51.7236	0.2000		24.58	
23	53.1758	1.1000	1.834810	22.64	42.73
24	17.7067	5.0000	1.497820	21.80	82.57
25	-115.0285	d25		21.80	
26	57.4820	7.0000	1.497820	21.94	82.57
27	-18.9711	1.1000	1.834810	21.94	42.73
28	69.6403	3.9109		21.94	
29	-41.3607	2.0000	1.860999	22.78	37.10
30	-35.5329	d30		24.26	
31	CG	1.6000	1.516800	44.98	64.13
32	CG	0.9492		44.98	
[aspherical data]
1	211.8265	0	1.09229E-05	-1.69852E-08	1.67481E-11	-8.86570E-15	1.92870E-18
2	15.9992	-1	9.21479E-06	2.30867E-08	1.30262E-11	-4.06315E-13	4.84400E-16
4	25.714	0.3178	1.27593E-05	-2.12909E-09	9.99165E-11	8.39923E-14	6.41400E-16
29	-41.3607	0	-1.73924E-05	-5.17645E-08	1.21697E-10	-2.24340E-12	2.49200E-15
[figure]
source	Data/WO2020-170591_Figure17.png
originX	28.47
originY	479.49
ppmm	9.466
[!figure]
source	Data/WO2020-170591_Figure17P.png
originX	57.89
originY	195.74
ppmm	4.352
[notes]
Bill: Not quite Nikon Nikkor Z 14-24mm f2.8 S
