[descriptive data]
title	WO 2021/241230 Example 1 (Nikon Nikkor Z 50mm f/1.2 S)
[constants]
[variable distances]
Focal Length	51.29	undefined
Angle of View	45.6	undefined
F-Number	1.23	undefined
NA	undefined	0.36
Image Height	43.2	43.2
Total Length	163.307	163.306
Magnification	0	-0.1
d0	Infinity	467.500
d19	19.164	11.437
d23	2.000	3.584
d27	1.900	8.043
d36	0.702	0.701
Bf	0	0
[lens data]
1	280.68270	2.650	1.64000	62.72	60.1	J-LAK01
2	46.02198	3.540		56.70	
3	50.87481	4.190	1.94595	56.64	18.0	FDS18
4	62.23366	16.510		55.16	
5	-43.98849	3.200	1.55298	55.16	55.1	J-KZFH4
6	-158.30791	4.050		57.82	
7	-82.01412	6.700	1.59349	59.68	67.0	J-PSKH4
8	-52.72274	0.100		59.68	
9	FS	0.000		58.56	
10	113.04472	10.810	1.59349	62.66	67.0	J-PSKH4
11	-113.04472	0.200		62.66	
12	75.49059	6.540	1.59349	61.16	67.0	J-PSKH4
13	275.33026	0.200		60.10	
14	48.85546	10.350	1.59349	56.36	67.0	J-PSKH4
15	571.46325	0.680		54.12	
16	290.13527	6.040	1.59319	52.94	67.9	J-PSKH1
17	-109.11000	2.160	1.73800	51.04	32.3	J-KZFH9
18	40.04126	7.790		43.22	
19	AS	d19		40.849
20	-37.07012	1.700	1.72047	37.42	34.7	N-KZFS8
21	-95.03209	0.200		38.12	
22	58.85968	6.200	1.59319	39.08	67.9	J-PSKH1
23	Infinity	d23		39.08	
24	391.60810	6.460	1.59306	38.08	67.0	J-PSKH4
25	-165.00000	2.600		38.08	
26	71.00000	4.000	1.76456	39.18	49.1	L-LAH91
27	-430.72555	d27		39.18	
28	137.78125	3.100	1.61800	40.08	63.3	J-PSK02
29	795.36428	0.100		40.08	
30	87.92389	5.700	1.90265	39.92	35.8	J-LASFH9A
31	-127.68000	1.800	1.61266	39.58	44.5	J-KZFH1
32	40.89766	7.760		37.28	
33	-64.58764	1.800	1.51680	37.28	64.6	J-BK7A
34	423.87378	10.810		38.86	
35	CG	1.600	1.51680	44.56	63.9	J-BK7A
36	CG	0.702		44.56	
[aspherical data]
25	-165.00000	14.2295	-2.31391E-05	7.84797E-08	-2.22440E-10	4.85260E-13	-7.08430E-16	6.01460E-19	-2.27720E-22
26	71.00000	-1.1159	-2.10400E-05	5.52111E-08	-1.44760E-10	2.04610E-13	1.63620E-16	-1.08770E-18	1.17040E-21
33	-64.58764	8.4794	9.45827E-07	1.06743E-08	-3.94910E-11	1.67640E-13	-4.43900E-16	6.53730E-19	
[figure]
source	Data/WO2021-241230_Figure01P.png
originX	17.25
originY	190.16
ppmm	4.219
[notes]
Bill:
6	-52.72274	-3.000		54.64	
9	FS	3.100		57.18	
